[   0.         1600.          589.47368421 1010.52631579 1515.78947368
  168.42105263 1431.57894737  421.05263158 1600.          926.31578947
    0.        ]
[ 252.63157895 1263.15789474  589.47368421    0.         1600.
  168.42105263 1600.          505.26315789  757.89473684 1600.
 1178.94736842  421.05263158    0.         1600.        ]
[ 757.89473684 1600.            0.         1178.94736842  168.42105263
 1600.          673.68421053   84.21052632 1094.73684211 1431.57894737
    0.         1600.          757.89473684   84.21052632]
[  84.21052632 1600.          505.26315789 1010.52631579 1600.
    0.         1515.78947368    0.          336.84210526  842.10526316
 1431.57894737    0.        ]
[   0.         1431.57894737 1010.52631579  252.63157895 1600.
  673.68421053    0.         1347.36842105   84.21052632 1600.
  589.47368421 1600.          842.10526316    0.        ]
