[   0.          757.89473684 1515.78947368 1010.52631579  252.63157895
 1515.78947368  505.26315789    0.          757.89473684 1010.52631579
 1347.36842105 1178.94736842 1600.         1094.73684211  842.10526316
  336.84210526 1178.94736842 1515.78947368 1600.         1347.36842105
  926.31578947]
[   0.          757.89473684 1600.         1010.52631579  252.63157895
  505.26315789    0.          757.89473684 1263.15789474 1600.
 1263.15789474  926.31578947    0.            0.         1178.94736842
 1515.78947368  757.89473684 1263.15789474 1600.          252.63157895
    0.        ]
[   0.          757.89473684 1347.36842105 1010.52631579  252.63157895
  505.26315789    0.          926.31578947 1600.         1178.94736842
  673.68421053  926.31578947 1178.94736842  757.89473684 1263.15789474
 1600.           84.21052632 1600.         1263.15789474 1010.52631579
  336.84210526]
[   0.          757.89473684 1094.73684211  252.63157895 1431.57894737
    0.          421.05263158 1263.15789474  757.89473684 1178.94736842
  757.89473684 1263.15789474 1600.          252.63157895    0.
 1600.         1263.15789474 1010.52631579  336.84210526]
[   0.          589.47368421  252.63157895  757.89473684 1515.78947368
  926.31578947  505.26315789   84.21052632 1263.15789474 1600.
 1600.         1263.15789474  926.31578947   84.21052632    0.
 1178.94736842 1515.78947368 1600.         1347.36842105  926.31578947
  252.63157895]
