[   0.          505.26315789  757.89473684 1263.15789474 1515.78947368
 1010.52631579  252.63157895  505.26315789    0.          252.63157895
  757.89473684 1263.15789474 1600.         1094.73684211 1431.57894737
  673.68421053  421.05263158    0.         1600.         1347.36842105
 1094.73684211  336.84210526  673.68421053  926.31578947    0.
 1347.36842105 1600.          336.84210526    0.          842.10526316
 1600.         1263.15789474  168.42105263  421.05263158    0.
 1010.52631579 1600.         1347.36842105  757.89473684  505.26315789
  252.63157895]
[   0.          505.26315789  757.89473684 1263.15789474 1515.78947368
 1010.52631579  252.63157895  505.26315789    0.          252.63157895
  757.89473684 1010.52631579 1263.15789474 1600.         1431.57894737
 1010.52631579  757.89473684  421.05263158    0.         1600.
 1263.15789474  589.47368421  336.84210526  926.31578947    0.
 1347.36842105  842.10526316  589.47368421  336.84210526    0.
 1178.94736842 1515.78947368  252.63157895  589.47368421 1010.52631579
  757.89473684 1263.15789474 1600.         1010.52631579  505.26315789
  252.63157895    0.        ]
[   0.          505.26315789  757.89473684 1010.52631579 1347.36842105
  252.63157895 1178.94736842 1515.78947368  842.10526316  589.47368421
    0.          336.84210526 1431.57894737  842.10526316 1094.73684211
  589.47368421    0.          252.63157895 1263.15789474 1600.
  757.89473684 1010.52631579  336.84210526   84.21052632  589.47368421
 1347.36842105  842.10526316   84.21052632 1178.94736842 1515.78947368
  336.84210526  589.47368421  926.31578947  421.05263158  757.89473684
 1263.15789474 1600.         1010.52631579   84.21052632]
[   0.          421.05263158 1010.52631579 1263.15789474 1600.
  673.68421053  252.63157895  505.26315789 1431.57894737 1094.73684211
  842.10526316    0.          252.63157895  505.26315789 1600.
 1263.15789474   84.21052632  842.10526316  505.26315789 1010.52631579
 1347.36842105  673.68421053  336.84210526   84.21052632 1178.94736842
 1515.78947368  926.31578947   84.21052632  421.05263158  757.89473684
 1010.52631579 1263.15789474 1600.          252.63157895    0.
 1600.         1347.36842105 1010.52631579  673.68421053  421.05263158]
[   0.          505.26315789  757.89473684 1263.15789474 1515.78947368
 1010.52631579  252.63157895  505.26315789    0.          252.63157895
 1010.52631579 1263.15789474 1600.          421.05263158 1431.57894737
 1010.52631579  673.68421053    0.          252.63157895 1263.15789474
 1515.78947368  757.89473684  252.63157895    0.          505.26315789
 1010.52631579    0.         1263.15789474 1600.          589.47368421
  336.84210526  842.10526316 1094.73684211 1431.57894737    0.
  505.26315789 1600.         1263.15789474 1010.52631579  757.89473684
  168.42105263]
