[   0.          842.10526316 1600.         1094.73684211  336.84210526
 1347.36842105    0.         1600.          842.10526316    0.
 1600.         1178.94736842  336.84210526    0.         1515.78947368
  757.89473684    0.         1600.         1094.73684211    0.
  757.89473684 1431.57894737  336.84210526]
[ 421.05263158 1094.73684211 1515.78947368    0.          252.63157895
 1600.          757.89473684    0.         1094.73684211 1431.57894737
    0.          336.84210526 1600.          673.68421053 1600.
 1010.52631579    0.         1347.36842105  252.63157895 1600.
 1178.94736842  589.47368421    0.        ]
[ 252.63157895 1094.73684211 1347.36842105    0.         1515.78947368
  336.84210526  673.68421053    0.         1600.         1010.52631579
    0.         1347.36842105  252.63157895 1600.          589.47368421
 1010.52631579    0.         1600.         1347.36842105  757.89473684
 1600.          505.26315789  168.42105263]
[ 252.63157895  757.89473684 1600.            0.         1094.73684211
    0.         1600.          168.42105263 1263.15789474  421.05263158
 1600.          673.68421053    0.         1010.52631579 1431.57894737
    0.         1178.94736842  336.84210526 1515.78947368  589.47368421
    0.         1600.          926.31578947]
[ 252.63157895  673.68421053 1600.          926.31578947    0.
 1178.94736842  505.26315789 1347.36842105    0.         1600.
  168.42105263  842.10526316 1600.            0.         1600.
  336.84210526 1010.52631579    0.         1600.         1094.73684211
  421.05263158    0.         1600.          757.89473684]
