[   0.          336.84210526  589.47368421  842.10526316 1094.73684211
 1347.36842105 1600.          168.42105263 1600.         1347.36842105
  926.31578947  505.26315789   84.21052632 1347.36842105 1178.94736842
 1515.78947368  336.84210526   84.21052632  757.89473684 1263.15789474
 1600.           84.21052632  589.47368421 1600.         1263.15789474
  926.31578947 1431.57894737  673.68421053  421.05263158    0.        ]
[   0.          757.89473684 1515.78947368 1010.52631579  252.63157895
 1347.36842105  505.26315789    0.          757.89473684 1600.
 1094.73684211   84.21052632 1600.         1263.15789474  336.84210526
    0.          842.10526316  168.42105263 1600.          673.68421053
 1263.15789474  926.31578947   84.21052632  421.05263158 1178.94736842
 1515.78947368  842.10526316]
[   0.          757.89473684 1515.78947368 1010.52631579  252.63157895
 1600.         1263.15789474  505.26315789    0.          757.89473684
 1094.73684211    0.         1600.         1094.73684211  757.89473684
    0.         1431.57894737  336.84210526    0.          926.31578947
 1600.         1178.94736842  589.47368421    0.          926.31578947
 1600.         1347.36842105  336.84210526]
[   0.          757.89473684 1515.78947368 1010.52631579  252.63157895
  505.26315789    0.          757.89473684 1178.94736842 1263.15789474
 1010.52631579    0.         1515.78947368  252.63157895    0.
  757.89473684 1515.78947368 1010.52631579  505.26315789    0.
  757.89473684 1263.15789474 1600.         1600.         1347.36842105
 1010.52631579  673.68421053   84.21052632]
[   0.          757.89473684 1347.36842105  252.63157895 1010.52631579
  673.68421053    0.          336.84210526 1010.52631579  252.63157895
  842.10526316 1094.73684211 1515.78947368  252.63157895    0.
 1515.78947368 1178.94736842  589.47368421  842.10526316    0.
  336.84210526 1263.15789474 1600.         1600.         1347.36842105
 1010.52631579  673.68421053  421.05263158]
