[-0.10906053  0.          0.          0.          0.          0.
  0.          0.          0.          0.          0.          0.
  0.          0.          0.          0.          0.          0.
  0.          0.          0.          0.          0.          0.
  0.          0.          0.          0.          0.          0.
  0.          0.          0.          0.          0.          0.
  0.          0.          0.          0.          0.          0.
  0.          0.          0.          0.          0.          0.
  0.          0.          0.          0.          0.          0.
  0.          0.          0.          0.          0.          0.
  0.          0.          0.          0.          0.          0.
  0.          0.          0.          0.          0.          0.
  0.          0.          0.          0.          0.          0.
  0.          0.          0.          0.          0.          0.
  0.          0.          0.          0.          0.          0.
  0.          0.          0.          0.          0.          0.
  0.          0.          0.          0.          0.        ]
[-0.10906053  0.          0.          0.          0.          0.
  0.          0.          0.          0.          0.          0.
  0.          0.          0.          0.          0.          0.
  0.          0.          0.          0.          0.          0.
  0.          0.          0.          0.          0.          0.
  0.          0.          0.          0.          0.          0.
  0.          0.          0.          0.          0.          0.
  0.          0.          0.          0.          0.          0.
  0.          0.          0.          0.          0.          0.
  0.          0.          0.          0.          0.          0.
  0.          0.          0.          0.          0.          0.
  0.          0.          0.          0.          0.          0.
  0.          0.          0.          0.          0.          0.
  0.          0.          0.          0.          0.          0.
  0.          0.          0.          0.          0.          0.
  0.          0.          0.          0.          0.          0.
  0.          0.          0.          0.          0.        ]
[-0.10906053  0.          0.          0.          0.          0.
  0.          0.          0.          0.          0.          0.
  0.          0.          0.          0.          0.          0.
  0.          0.          0.          0.          0.          0.
  0.          0.          0.          0.          0.          0.
  0.          0.          0.          0.          0.          0.
  0.          0.          0.          0.          0.          0.
  0.          0.          0.          0.          0.          0.
  0.          0.          0.          0.          0.          0.
  0.          0.          0.          0.          0.          0.
  0.          0.          0.          0.          0.          0.
  0.          0.          0.          0.          0.          0.
  0.          0.          0.          0.          0.          0.
  0.          0.          0.          0.          0.          0.
  0.          0.          0.          0.          0.          0.
  0.          0.          0.          0.          0.          0.
  0.          0.          0.          0.          0.        ]
[-0.10906053  0.          0.          0.          0.          0.
  0.          0.          0.          0.          0.          0.
  0.          0.          0.          0.          0.          0.
  0.          0.          0.          0.          0.          0.
  0.          0.          0.          0.          0.          0.
  0.          0.          0.          0.          0.          0.
  0.          0.          0.          0.          0.          0.
  0.          0.          0.          0.          0.          0.
  0.          0.          0.          0.          0.          0.
  0.          0.          0.          0.          0.          0.
  0.          0.          0.          0.          0.          0.
  0.          0.          0.          0.          0.          0.
  0.          0.          0.          0.          0.          0.
  0.          0.          0.          0.          0.          0.
  0.          0.          0.          0.          0.          0.
  0.          0.          0.          0.          0.          0.
  0.          0.          0.          0.          0.        ]
[-0.10906053  0.          0.          0.          0.          0.
  0.          0.          0.          0.          0.          0.
  0.          0.          0.          0.          0.          0.
  0.          0.          0.          0.          0.          0.
  0.          0.          0.          0.          0.          0.
  0.          0.          0.          0.          0.          0.
  0.          0.          0.          0.          0.          0.
  0.          0.          0.          0.          0.          0.
  0.          0.          0.          0.          0.          0.
  0.          0.          0.          0.          0.          0.
  0.          0.          0.          0.          0.          0.
  0.          0.          0.          0.          0.          0.
  0.          0.          0.          0.          0.          0.
  0.          0.          0.          0.          0.          0.
  0.          0.          0.          0.          0.          0.
  0.          0.          0.          0.          0.          0.
  0.          0.          0.          0.          0.        ]
