[ 168.42105263  505.26315789 1178.94736842 1600.          757.89473684
    0.         1431.57894737 1010.52631579  252.63157895  505.26315789
 1600.          757.89473684    0.         1178.94736842  589.47368421
  168.42105263 1347.36842105 1600.          926.31578947  421.05263158
  673.68421053  252.63157895    0.         1094.73684211 1431.57894737
  589.47368421  336.84210526  842.10526316    0.         1263.15789474
 1515.78947368 1010.52631579  168.42105263  589.47368421 1600.
 1347.36842105  842.10526316  336.84210526    0.        ]
[   0.          505.26315789 1263.15789474 1600.          842.10526316
  168.42105263 1094.73684211 1600.          589.47368421 1263.15789474
 1010.52631579  168.42105263  421.05263158 1515.78947368  757.89473684
 1178.94736842  252.63157895    0.          926.31578947 1600.
 1178.94736842  505.26315789   84.21052632 1431.57894737  336.84210526
  842.10526316 1600.            0.          673.68421053 1178.94736842
  421.05263158    0.         1347.36842105 1600.         1010.52631579
  757.89473684  252.63157895]
[ 673.68421053  926.31578947 1178.94736842 1600.          168.42105263
  505.26315789 1347.36842105 1600.         1094.73684211    0.
  842.10526316 1431.57894737  589.47368421  168.42105263 1178.94736842
  757.89473684  336.84210526    0.         1010.52631579 1515.78947368
 1263.15789474  589.47368421   84.21052632  842.10526316 1600.
  421.05263158 1347.36842105 1094.73684211  842.10526316    0.
  589.47368421 1431.57894737  252.63157895    0.          757.89473684
 1178.94736842 1010.52631579 1600.         1263.15789474  589.47368421
  336.84210526    0.        ]
[   0.          673.68421053 1094.73684211 1600.          421.05263158
 1347.36842105 1094.73684211  842.10526316  589.47368421  252.63157895
    0.         1600.          589.47368421 1178.94736842  926.31578947
  336.84210526    0.         1515.78947368  673.68421053  336.84210526
  926.31578947 1178.94736842    0.         1515.78947368 1178.94736842
  926.31578947  673.68421053  252.63157895 1600.            0.
  842.10526316 1178.94736842  421.05263158 1600.         1263.15789474
  842.10526316  589.47368421  252.63157895    0.        ]
[   0.          589.47368421 1178.94736842 1515.78947368  842.10526316
  252.63157895 1347.36842105 1600.          505.26315789  757.89473684
 1094.73684211    0.          252.63157895 1431.57894737 1010.52631579
  757.89473684  505.26315789 1178.94736842  168.42105263  842.10526316
 1600.         1347.36842105  421.05263158  673.68421053 1010.52631579
    0.          252.63157895 1347.36842105 1600.         1094.73684211
  757.89473684   84.21052632  505.26315789 1600.          336.84210526
 1010.52631579 1263.15789474  589.47368421   84.21052632]
