[  0.         355.55555556 711.11111111 444.44444444  88.88888889
 711.11111111 266.66666667 444.44444444   0.         711.11111111
 266.66666667]
[  0.         355.55555556 711.11111111 177.77777778 533.33333333
 177.77777778 800.         355.55555556 800.           0.        ]
[  0.         266.66666667 622.22222222  88.88888889 622.22222222
 266.66666667   0.         800.         266.66666667 800.
 533.33333333   0.        ]
[  0.         355.55555556 800.         533.33333333 177.77777778
 711.11111111 266.66666667  88.88888889 444.44444444 800.        ]
[  0.         444.44444444 711.11111111 266.66666667  88.88888889
 622.22222222 266.66666667 800.           0.         622.22222222
 177.77777778]
[  0.         355.55555556 622.22222222 177.77777778 800.
 355.55555556   0.         800.         355.55555556   0.
 800.         533.33333333]
[  0.         622.22222222 266.66666667 800.           0.
 355.55555556   0.         800.         355.55555556 622.22222222
   0.        ]
[  0.         355.55555556 711.11111111 444.44444444  88.88888889
 711.11111111 266.66666667 800.         444.44444444   0.
 622.22222222 266.66666667]
[  0.         444.44444444 711.11111111 266.66666667 533.33333333
 266.66666667   0.         800.         444.44444444  88.88888889
 622.22222222]
[  0.         266.66666667 533.33333333 800.         444.44444444
   0.         622.22222222   0.         355.55555556 711.11111111]
[  0.         355.55555556 800.         177.77777778 711.11111111
 355.55555556   0.         711.11111111 266.66666667   0.        ]
[  0.         355.55555556 711.11111111 622.22222222   0.
 266.66666667 533.33333333 800.         177.77777778 800.
 444.44444444]
[  0.         355.55555556 711.11111111  88.88888889 444.44444444
 800.         533.33333333   0.         800.         355.55555556]
[  0.         355.55555556 711.11111111 444.44444444  88.88888889
 711.11111111 266.66666667 533.33333333 800.         177.77777778]
[  0.         355.55555556 800.         533.33333333 177.77777778
 711.11111111 266.66666667  88.88888889 444.44444444 800.        ]
[  0.         355.55555556 711.11111111 533.33333333  88.88888889
 355.55555556 622.22222222  88.88888889 800.         444.44444444]
[  0.         355.55555556 711.11111111 444.44444444  88.88888889
 711.11111111 266.66666667 444.44444444   0.         711.11111111
 266.66666667]
[  0.         355.55555556 711.11111111  88.88888889 711.11111111
 355.55555556   0.         800.         444.44444444   0.        ]
[  0.         266.66666667 533.33333333 800.         444.44444444
   0.         622.22222222   0.         355.55555556 711.11111111]
[  0.         622.22222222 266.66666667   0.         622.22222222
 266.66666667   0.         800.         444.44444444 622.22222222
 266.66666667   0.        ]
[  0.         266.66666667 800.         533.33333333  88.88888889
 533.33333333 800.           0.         266.66666667 622.22222222]
[  0.         355.55555556 711.11111111  88.88888889 444.44444444
 711.11111111 266.66666667 800.         533.33333333  88.88888889]
[  0.         355.55555556 711.11111111  88.88888889 444.44444444
 800.         533.33333333   0.         800.         355.55555556]
[  0.         355.55555556 711.11111111 177.77777778 711.11111111
 177.77777778 622.22222222 355.55555556   0.         800.
 177.77777778]
[  0.         266.66666667 711.11111111 533.33333333  88.88888889
 711.11111111 266.66666667 800.         444.44444444  88.88888889
 622.22222222 266.66666667]
