[ 168.42105263 1600.         1010.52631579  589.47368421    0.
 1263.15789474 1600.          336.84210526    0.          757.89473684
 1600.          505.26315789    0.         1600.         1094.73684211
  673.68421053 1600.            0.         1178.94736842  336.84210526
    0.         1600.         1263.15789474  673.68421053]
[   0.          336.84210526 1094.73684211 1347.36842105 1600.
  757.89473684    0.         1094.73684211 1347.36842105    0.
  252.63157895 1600.            0.         1600.          673.68421053
  252.63157895 1263.15789474    0.         1010.52631579 1600.
 1263.15789474  589.47368421  168.42105263]
[ 505.26315789 1010.52631579 1600.            0.         1431.57894737
  757.89473684    0.         1600.          421.05263158 1178.94736842
    0.         1600.          926.31578947  421.05263158 1600.
    0.          589.47368421 1600.            0.         1094.73684211
  336.84210526 1600.         1178.94736842  757.89473684    0.        ]
[   0.          673.68421053 1010.52631579 1600.          252.63157895
 1347.36842105    0.         1600.         1178.94736842  589.47368421
 1600.            0.          926.31578947    0.         1600.
  505.26315789    0.         1347.36842105    0.         1600.
  421.05263158 1600.         1094.73684211  757.89473684    0.        ]
[   0.          673.68421053 1600.         1094.73684211 1347.36842105
    0.          421.05263158 1600.            0.          842.10526316
 1600.          589.47368421 1178.94736842    0.         1600.
  336.84210526    0.         1600.          842.10526316    0.
 1094.73684211 1600.         1347.36842105  589.47368421  252.63157895]
