[   0.          252.63157895  589.47368421  926.31578947  421.05263158
 1431.57894737  926.31578947  673.68421053    0.         1600.
    0.          505.26315789  252.63157895  757.89473684 1431.57894737
 1094.73684211   84.21052632  842.10526316 1347.36842105 1600.
  252.63157895    0.          589.47368421 1600.         1263.15789474
  842.10526316 1600.          336.84210526    0.        ]
[   0.          757.89473684 1600.          421.05263158 1094.73684211
  757.89473684    0.          336.84210526 1347.36842105 1600.
  673.68421053 1600.           84.21052632  421.05263158  926.31578947
 1347.36842105 1600.          168.42105263  421.05263158 1094.73684211
  589.47368421 1431.57894737 1094.73684211 1600.          336.84210526
    0.          589.47368421 1263.15789474 1010.52631579]
[ 336.84210526    0.          842.10526316 1263.15789474 1600.
  336.84210526    0.          589.47368421  842.10526316    0.
 1094.73684211 1515.78947368  589.47368421    0.         1600.
  421.05263158  842.10526316 1600.            0.         1094.73684211
  589.47368421    0.         1347.36842105 1600.         1094.73684211
  842.10526316  421.05263158]
[ 336.84210526 1347.36842105 1600.            0.          673.68421053
    0.          252.63157895  421.05263158  673.68421053 1263.15789474
   84.21052632 1431.57894737  252.63157895  505.26315789 1010.52631579
 1094.73684211  421.05263158 1347.36842105    0.          252.63157895
  505.26315789  926.31578947 1600.         1431.57894737  926.31578947
  673.68421053  336.84210526]
[ 336.84210526 1094.73684211    0.          589.47368421 1347.36842105
 1600.          252.63157895    0.         1347.36842105    0.
  252.63157895 1178.94736842 1515.78947368  421.05263158   84.21052632
  842.10526316 1094.73684211  168.42105263  926.31578947 1178.94736842
 1600.          252.63157895    0.          505.26315789 1431.57894737
 1094.73684211  842.10526316]
