[ 421.05263158    0.          842.10526316  505.26315789   84.21052632
 1178.94736842  673.68421053 1600.          505.26315789  926.31578947
 1263.15789474  757.89473684  505.26315789   84.21052632 1431.57894737
 1600.         1263.15789474  673.68421053]
[   0.          252.63157895  757.89473684  926.31578947    0.
  421.05263158 1600.         1263.15789474  421.05263158  421.05263158
 1094.73684211   84.21052632 1263.15789474 1515.78947368  673.68421053
  168.42105263 1347.36842105 1600.         1010.52631579]
[ 673.68421053  252.63157895    0.          673.68421053 1178.94736842
 1431.57894737  842.10526316  168.42105263 1600.          673.68421053
    0.          589.47368421 1431.57894737  926.31578947  252.63157895
 1431.57894737 1600.         1263.15789474  757.89473684   84.21052632]
[   0.          252.63157895 1263.15789474  757.89473684  336.84210526
   84.21052632 1431.57894737   84.21052632 1094.73684211 1178.94736842
   84.21052632    0.         1263.15789474 1010.52631579    0.
  336.84210526 1263.15789474 1515.78947368 1600.         1347.36842105
  589.47368421   84.21052632]
[   0.          252.63157895  336.84210526   84.21052632  757.89473684
 1010.52631579 1347.36842105 1431.57894737    0.          589.47368421
 1094.73684211  336.84210526 1178.94736842    0.          842.10526316
 1263.15789474 1600.          842.10526316  168.42105263]
