[ 505.26315789 1600.            0.         1094.73684211   84.21052632
 1600.          673.68421053    0.         1263.15789474  336.84210526
 1600.          926.31578947    0.        ]
[1094.73684211   84.21052632 1431.57894737  505.26315789 1347.36842105
    0.         1515.78947368  673.68421053    0.         1600.
 1178.94736842  336.84210526]
[1263.15789474 1600.            0.          336.84210526  842.10526316
    0.         1515.78947368 1600.         1094.73684211    0.
 1600.          252.63157895  673.68421053]
[   0.         1431.57894737  168.42105263  505.26315789 1600.
  926.31578947    0.         1600.          421.05263158 1178.94736842
    0.         1515.78947368]
[1178.94736842 1515.78947368    0.          336.84210526  757.89473684
 1431.57894737    0.         1600.          673.68421053    0.
 1263.15789474 1600.          168.42105263]
