[   0.           84.21052632  168.42105263  252.63157895  336.84210526
  421.05263158  421.05263158  505.26315789  673.68421053  673.68421053
 1094.73684211 1263.15789474 1263.15789474 1263.15789474 1347.36842105
 1515.78947368 1600.         1600.        ]
[   0.            0.            0.          168.42105263  336.84210526
  336.84210526  421.05263158  505.26315789  589.47368421  842.10526316
  842.10526316  926.31578947 1178.94736842 1178.94736842 1347.36842105
 1515.78947368 1515.78947368 1600.         1600.        ]
[   0.           84.21052632   84.21052632  252.63157895  336.84210526
  421.05263158  421.05263158  421.05263158  673.68421053  757.89473684
  757.89473684 1010.52631579 1094.73684211 1263.15789474 1347.36842105
 1347.36842105 1600.         1600.         1600.         1600.        ]
[   0.            0.          168.42105263  252.63157895  252.63157895
  252.63157895  421.05263158  505.26315789  505.26315789  757.89473684
  757.89473684 1010.52631579 1010.52631579 1263.15789474 1347.36842105
 1347.36842105 1347.36842105 1347.36842105 1600.         1600.
 1600.         1600.        ]
[   0.            0.          252.63157895  252.63157895  336.84210526
  336.84210526  336.84210526  589.47368421  589.47368421  673.68421053
  926.31578947 1010.52631579 1263.15789474 1347.36842105 1347.36842105
 1515.78947368 1600.         1600.         1600.        ]
