[ 421.05263158 1347.36842105 1600.         1010.52631579  673.68421053
    0.          252.63157895 1600.         1347.36842105  505.26315789
  757.89473684 1094.73684211  252.63157895    0.          505.26315789
  926.31578947 1347.36842105 1600.          252.63157895 1094.73684211
  757.89473684  505.26315789    0.         1347.36842105 1600.
  252.63157895  589.47368421  842.10526316 1178.94736842 1600.
    0.         1347.36842105 1010.52631579  673.68421053    0.
  421.05263158 1600.          252.63157895 1600.         1347.36842105
 1094.73684211  757.89473684  505.26315789    0.        ]
[   0.          589.47368421 1347.36842105 1600.          926.31578947
  252.63157895 1178.94736842  673.68421053  421.05263158    0.
 1600.         1347.36842105 1010.52631579    0.          757.89473684
 1600.          252.63157895  589.47368421 1094.73684211 1347.36842105
  842.10526316    0.          252.63157895 1600.         1178.94736842
  421.05263158  673.68421053 1431.57894737    0.          252.63157895
 1010.52631579 1263.15789474 1600.          757.89473684  505.26315789
    0.         1431.57894737 1094.73684211  252.63157895  589.47368421
  842.10526316 1600.         1263.15789474    0.        ]
[   0.          421.05263158  757.89473684 1094.73684211 1600.
 1347.36842105  252.63157895  589.47368421 1600.          842.10526316
    0.         1347.36842105 1010.52631579  421.05263158    0.
  673.68421053 1600.          252.63157895  842.10526316 1094.73684211
 1347.36842105  421.05263158    0.         1600.         1178.94736842
  926.31578947  589.47368421  252.63157895 1600.            0.
  589.47368421 1010.52631579 1347.36842105  252.63157895    0.
  842.10526316 1600.         1347.36842105  589.47368421 1600.
 1178.94736842  842.10526316  252.63157895    0.        ]
[   0.          926.31578947 1263.15789474 1600.          505.26315789
  252.63157895  757.89473684 1431.57894737 1010.52631579  589.47368421
 1600.          842.10526316    0.          252.63157895 1178.94736842
  673.68421053 1010.52631579 1431.57894737  421.05263158  168.42105263
  842.10526316 1178.94736842 1600.          589.47368421    0.
  252.63157895 1431.57894737 1178.94736842  926.31578947  421.05263158
  673.68421053 1600.            0.          252.63157895  842.10526316
 1347.36842105 1094.73684211  505.26315789 1600.         1347.36842105
  842.10526316  252.63157895    0.        ]
[ 673.68421053 1178.94736842 1431.57894737  252.63157895    0.
  505.26315789 1010.52631579 1600.         1347.36842105  757.89473684
    0.         1600.          926.31578947  505.26315789  252.63157895
 1178.94736842  757.89473684    0.         1010.52631579 1431.57894737
  589.47368421  168.42105263  842.10526316 1263.15789474 1600.
  421.05263158    0.          673.68421053 1094.73684211 1347.36842105
  252.63157895 1600.          926.31578947  505.26315789    0.
  252.63157895 1347.36842105  757.89473684    0.         1600.
 1347.36842105 1010.52631579  589.47368421  252.63157895]
