[   0.          421.05263158 1263.15789474  673.68421053  252.63157895
  926.31578947 1515.78947368  505.26315789 1263.15789474  926.31578947
  336.84210526    0.         1515.78947368 1094.73684211  757.89473684
  505.26315789  168.42105263 1347.36842105 1600.          926.31578947
    0.          252.63157895 1094.73684211  505.26315789 1431.57894737
  926.31578947    0.          589.47368421 1347.36842105  252.63157895
    0.         1010.52631579 1600.          589.47368421 1600.
 1347.36842105 1010.52631579  757.89473684  421.05263158   84.21052632]
[   0.          505.26315789  757.89473684 1010.52631579 1600.
 1347.36842105  336.84210526 1178.94736842  926.31578947    0.
  589.47368421 1431.57894737  336.84210526    0.          926.31578947
 1600.         1178.94736842  505.26315789  757.89473684 1600.
 1347.36842105    0.          252.63157895  926.31578947 1178.94736842
  505.26315789   84.21052632  757.89473684 1431.57894737 1010.52631579
  252.63157895 1600.         1263.15789474  505.26315789   84.21052632
 1010.52631579  673.68421053  421.05263158 1347.36842105 1600.
 1094.73684211  842.10526316   84.21052632]
[   0.          252.63157895  757.89473684 1347.36842105 1600.
 1010.52631579  589.47368421 1515.78947368 1263.15789474  842.10526316
  252.63157895    0.          421.05263158   84.21052632  673.68421053
  926.31578947 1600.         1178.94736842  252.63157895  505.26315789
 1010.52631579  673.68421053 1347.36842105 1600.          336.84210526
    0.          842.10526316 1600.         1347.36842105 1094.73684211
  168.42105263  421.05263158    0.         1094.73684211 1431.57894737
  673.68421053  252.63157895 1263.15789474 1600.          842.10526316
  505.26315789   84.21052632]
[1178.94736842 1515.78947368  926.31578947  673.68421053  336.84210526
    0.         1347.36842105 1600.          505.26315789  168.42105263
  842.10526316 1347.36842105  421.05263158 1600.         1178.94736842
  842.10526316    0.          589.47368421 1431.57894737 1010.52631579
  168.42105263 1263.15789474 1600.          842.10526316  589.47368421
  336.84210526    0.         1094.73684211 1431.57894737    0.
  252.63157895  505.26315789 1263.15789474 1600.          757.89473684
 1094.73684211 1600.          589.47368421  252.63157895    0.
 1263.15789474 1010.52631579  757.89473684  421.05263158]
[ 505.26315789 1010.52631579 1515.78947368 1263.15789474  757.89473684
  252.63157895    0.          926.31578947  252.63157895  505.26315789
 1263.15789474 1600.            0.          757.89473684 1010.52631579
  505.26315789  252.63157895 1347.36842105 1600.            0.
  673.68421053  926.31578947  252.63157895  505.26315789 1178.94736842
 1515.78947368  757.89473684   84.21052632  336.84210526 1010.52631579
 1600.         1263.15789474  589.47368421  168.42105263  842.10526316
 1094.73684211  336.84210526  673.68421053 1347.36842105 1600.
  926.31578947    0.        ]
