array([1198.01572577,  749.59609818,  301.17647059,    0.        ,
        374.90196078,  774.90196078, 1174.90196078, 1574.90196078,
       1600.        , 1600.        , 1600.        , 1600.        ,
       1225.09803922,  825.09803922,  425.09803922,   25.09803922,
          0.        ,    0.        ,    0.        ])
array([ 398.05454469,  877.64745425, 1357.24036382,    0.        ,
          0.        ,    0.        ,  156.8627451 ,  512.41830065,
        867.97385621, 1223.52941176, 1579.08496732, 1600.        ,
       1600.        , 1600.        , 1600.        , 1443.1372549 ,
       1087.58169935,  732.02614379,  376.47058824,   20.91503268,
          0.        ])
array([1115.55865754, 1366.16970076, 1246.22436817,    0.        ,
          0.        ,    0.        ,  156.8627451 ,  512.41830065,
        867.97385621, 1223.52941176, 1579.08496732, 1600.        ,
       1600.        , 1600.        , 1600.        , 1443.1372549 ,
       1087.58169935,  732.02614379,  376.47058824,   20.91503268,
          0.        ])
array([1238.92681885, 1152.75012124, 1066.57342362,    0.        ,
        374.90196078,  774.90196078, 1174.90196078, 1574.90196078,
       1600.        , 1600.        , 1600.        , 1600.        ,
       1225.09803922,  825.09803922,  425.09803922,   25.09803922,
          0.        ,    0.        ,    0.        ])
array([ 231.737339  ,  563.9212872 ,  896.10523541, 1228.28918361,
          0.        ,    0.        ,    0.        ,  198.0952381 ,
        655.23809524, 1112.38095238, 1569.52380952, 1600.        ,
       1600.        , 1600.        , 1401.9047619 ,  944.76190476,
        487.61904762,   30.47619048])
