array([ 546.12176749,  679.81836694,    0.        ,   64.83660131,
        775.94771242, 1487.05882353, 1600.        , 1600.        ,
       1179.60784314,  468.49673203,    0.        ])
array([ 514.50980392,  956.40178229,    0.        ,    0.        ,
        437.12418301, 1148.23529412, 1600.        , 1600.        ,
       1518.43137255,  807.32026144,   96.20915033])
array([ 608.3745098 ,  608.3745098 ,    0.        ,    0.        ,
         79.47712418,  790.58823529, 1501.69934641, 1600.        ,
       1600.        , 1164.96732026,  453.85620915])
array([1581.3225371 ,  616.33975667,  517.53146221,    0.        ,
          0.        ,   79.47712418,  790.58823529, 1501.69934641,
       1600.        , 1600.        , 1164.96732026,  453.85620915])
array([ 863.37037351, 1053.40095161,    0.        ,    0.        ,
        418.30065359, 1129.41176471, 1600.        , 1600.        ,
       1537.25490196,  826.14379085,  115.03267974])
