array([1270.22691924,  464.20711368,  632.28421487,  800.36131605,
        968.43841723, 1136.51551842,  330.49571286,  100.39215686,
        500.39215686,  900.39215686, 1300.39215686, 1600.        ,
       1600.        , 1600.        , 1600.        , 1499.60784314,
       1099.60784314,  699.60784314,  299.60784314,    0.        ,
          0.        ,    0.        ,    0.        ])
array([1295.93534074, 1148.47016753,  935.05854306,  721.64691859,
        508.23529412,  294.82366965, 1123.1372549 , 1459.97936017,
       1600.        , 1600.        , 1600.        , 1600.        ,
       1600.        , 1318.96800826,  982.12590299,  645.28379773,
        308.44169247,    0.        ,    0.        ,    0.        ,
          0.        ,    0.        ,  112.61093911,  449.45304438,
        786.29514964])
