array([1366.82678885,  634.83049276, 1298.77875786,  566.78246177,
       1230.73072687,  498.73443078,  430.68639979,    0.        ,
          0.        ,  282.35294118,  658.82352941, 1035.29411765,
       1411.76470588, 1600.        , 1600.        , 1600.        ,
       1600.        , 1505.88235294, 1129.41176471,  752.94117647,
        376.47058824,    0.        ,    0.        ,    0.        ])
array([ 595.45297462,  687.06024798,  778.66752134,  870.27479469,
        961.88206805,    0.        ,    0.        ,    0.        ,
        207.38906089,  544.23116615,  881.07327141, 1217.91537668,
       1554.75748194, 1600.        , 1600.        , 1600.        ,
       1600.        , 1561.03199174, 1224.18988648,  887.34778122,
        550.50567595,  213.66357069,    0.        ,    0.        ])
array([ 581.42106064,  689.14190287,  796.8627451 ,  904.58358733,
       1012.30442956,    0.        ,    0.        ,    0.        ,
        213.66357069,  550.50567595,  887.34778122, 1224.18988648,
       1561.03199174, 1600.        , 1600.        , 1600.        ,
       1600.        , 1554.75748194, 1217.91537668,  881.07327141,
        544.23116615,  207.38906089,    0.        ,    0.        ])
array([ 427.57251688,  577.25490196,  726.93728704, 1311.14173027,
          0.        ,    0.        ,  209.37048504,  546.2125903 ,
        883.05469556, 1219.89680083, 1556.73890609, 1600.        ,
       1600.        , 1600.        , 1600.        , 1559.0505676 ,
       1222.20846233,  885.36635707,  548.52425181,  211.68214654,
          0.        ,    0.        ,    0.        ])
array([ 918.51563302,  812.80829339,  707.10095376,  601.39361414,
        495.68627451,    0.        ,  320.        ,  640.        ,
        960.        , 1280.        , 1600.        , 1600.        ,
       1600.        , 1600.        , 1600.        , 1600.        ,
       1280.        ,  960.        ,  640.        ,  320.        ,
          0.        ,    0.        ,    0.        ,    0.        ,
          0.        ])
