array([ 262.37968106,  728.67908421,  828.54873085,  928.41837749,
       1028.28802412, 1128.15767076, 1047.84313725, 1314.50980392,
       1581.17647059, 1600.        , 1600.        , 1600.        ,
       1600.        , 1600.        , 1600.        , 1352.15686275,
       1085.49019608,  818.82352941,  552.15686275,  285.49019608,
         18.82352941,    0.        ,    0.        ,    0.        ,
          0.        ,    0.        ,    0.        ,  247.84313725,
        514.50980392,  781.17647059])
array([1135.94174306, 1083.38268907, 1030.82363508,  737.98117007,
        685.42211608,  632.8630621 ,  340.02059709,  363.92156863,
        700.76367389, 1037.60577915, 1374.44788442, 1600.        ,
       1600.        , 1600.        , 1600.        , 1600.        ,
       1404.499484  , 1067.65737874,  730.81527348,  393.97316821,
         57.13106295,    0.        ,    0.        ,    0.        ,
          0.        ,   27.07946336])
array([ 952.38711696,  661.44773972,  370.50836249, 1075.930207  ,
        784.99082977,  494.05145253, 1199.47329705,  908.53391981,
        617.59454258, 1060.39215686, 1327.05882353, 1593.7254902 ,
       1600.        , 1600.        , 1600.        , 1600.        ,
       1600.        , 1600.        , 1339.60784314, 1072.94117647,
        806.2745098 ,  539.60784314,  272.94117647,    6.2745098 ,
          0.        ,    0.        ,    0.        ,    0.        ,
          0.        ,    0.        ,  260.39215686,  527.05882353,
        793.7254902 ])
array([ 596.00448702,  558.38700594, 1064.25219309,  520.76952485,
       1026.63471201,  989.01723093,  307.45098039,  627.45098039,
        947.45098039, 1267.45098039, 1587.45098039, 1600.        ,
       1600.        , 1600.        , 1600.        , 1600.        ,
       1292.54901961,  972.54901961,  652.54901961,  332.54901961,
         12.54901961,    0.        ,    0.        ,    0.        ,
          0.        ,    0.        ])
array([1325.73804883, 1170.3613136 , 1014.98457837,  859.60784314,
        811.84050822,  656.46377299,  501.08703776,  345.71030253,
       1574.90196078, 1600.        , 1600.        , 1600.        ,
       1600.        , 1600.        , 1305.09803922,  985.09803922,
        665.09803922,  345.09803922,   25.09803922,    0.        ,
          0.        ,    0.        ,    0.        ,    0.        ,
        294.90196078,  614.90196078,  934.90196078, 1254.90196078])
