array([1226.08859717, 1045.98547505,  865.88235294, 1574.90196078,
       1600.        , 1600.        , 1600.        , 1600.        ,
       1225.09803922,  825.09803922,  425.09803922,   25.09803922,
          0.        ,    0.        ,    0.        ,    0.        ,
        374.90196078,  774.90196078, 1174.90196078])
array([ 713.30948804,  760.73170779,  808.15392755,  690.19607843,
       1045.75163399, 1401.30718954, 1600.        , 1600.        ,
       1600.        , 1600.        , 1600.        , 1265.35947712,
        909.80392157,  554.24836601,  198.69281046,    0.        ,
          0.        ,    0.        ,    0.        ,    0.        ,
        334.64052288])
array([ 619.83675151,  809.08942644,  227.18815624,  690.19607843,
       1045.75163399, 1401.30718954, 1600.        , 1600.        ,
       1600.        , 1600.        , 1600.        , 1265.35947712,
        909.80392157,  554.24836601,  198.69281046,    0.        ,
          0.        ,    0.        ,    0.        ,    0.        ,
        334.64052288])
array([1206.33188529,  824.11869153,  441.90549777, 1574.90196078,
       1600.        , 1600.        , 1600.        , 1600.        ,
       1225.09803922,  825.09803922,  425.09803922,   25.09803922,
          0.        ,    0.        ,    0.        ,    0.        ,
        374.90196078,  774.90196078, 1174.90196078])
array([ 537.44044569,  740.3000275 ,  943.15960931, 1146.01919112,
        426.66666667,  883.80952381, 1340.95238095, 1600.        ,
       1600.        , 1600.        , 1600.        , 1173.33333333,
        716.19047619,  259.04761905,    0.        ,    0.        ,
          0.        ,    0.        ])
