array([1267.36185592, 1377.26705417, 1090.24671677,  803.22637938,
        516.20604198,  229.18570459,  339.09090284,    0.        ,
          0.        ,    0.        ,    0.        ,  100.39215686,
        500.39215686,  900.39215686, 1300.39215686, 1600.        ,
       1600.        , 1600.        , 1600.        , 1499.60784314,
       1099.60784314,  699.60784314,  299.60784314])
array([ 251.93519436, 1310.13209218, 1044.92466276,  779.71723334,
        514.50980392,  249.3023745 ,    0.        ,    0.        ,
        196.82146543,  533.66357069,  870.50567595, 1207.34778122,
       1544.18988648, 1600.        , 1600.        , 1600.        ,
       1600.        , 1571.5995872 , 1234.75748194,  897.91537668,
        561.07327141,  224.23116615,    0.        ,    0.        ,
          0.        ])
