array([ 659.18595998, 1269.66329385,  953.7254902 , 1600.        ,
       1600.        , 1600.        , 1001.83006536,  290.71895425,
          0.        ,    0.        ,  242.61437908])
array([ 978.82352941,  311.94162123,  614.90196078, 1326.0130719 ,
       1600.        , 1600.        , 1340.65359477,  629.54248366,
          0.        ,    0.        ,    0.        ])
array([ 596.07843137, 1301.99019608,  257.25490196,  968.36601307,
       1600.        , 1600.        , 1600.        ,  987.18954248,
        276.07843137,    0.        ,    0.        ])
array([ 616.53734538, 1317.63837415,  654.16703486,  257.25490196,
        968.36601307, 1600.        , 1600.        , 1600.        ,
        987.18954248,  276.07843137,    0.        ,    0.        ])
array([ 368.85348203,  966.20305107,  596.07843137, 1307.18954248,
       1600.        , 1600.        , 1359.47712418,  648.36601307,
          0.        ,    0.        ,    0.        ])
