array([1187.79368788, 1324.62751018,  823.76887439,  960.60269669,
        459.7440609 ,  596.57788321,  232.55306972, 1129.41176471,
       1505.88235294, 1600.        , 1600.        , 1600.        ,
       1600.        , 1411.76470588, 1035.29411765,  658.82352941,
        282.35294118,    0.        ,    0.        ,    0.        ,
          0.        ,    0.        ,  376.47058824,  752.94117647])
array([ 345.1244205 ,  569.20651884,  793.28861719, 1017.37071553,
       1241.45281388,  796.8627451 , 1133.70485036, 1470.54695562,
       1600.        , 1600.        , 1600.        , 1600.        ,
       1600.        , 1308.4004128 ,  971.55830753,  634.71620227,
        297.87409701,    0.        ,    0.        ,    0.        ,
          0.        ,    0.        ,  123.17853457,  460.02063983])
array([ 349.65845632,  576.39785561,  803.1372549 , 1029.87665419,
       1256.61605348,  803.1372549 , 1139.97936017, 1476.82146543,
       1600.        , 1600.        , 1600.        , 1600.        ,
       1600.        , 1302.12590299,  965.28379773,  628.44169247,
        291.5995872 ,    0.        ,    0.        ,    0.        ,
          0.        ,    0.        ,  129.45304438,  466.29514964])
array([ 637.3343973 ,  916.07843137, 1194.82246544,  440.71189646,
       1135.68627451, 1472.52837977, 1600.        , 1600.        ,
       1600.        , 1600.        , 1600.        , 1306.41898865,
        969.57688338,  632.73477812,  295.89267286,    0.        ,
          0.        ,    0.        ,    0.        ,    0.        ,
        125.15995872,  462.00206398,  798.84416925])
array([1265.06090787, 1046.05058286,  827.04025785,  608.02993285,
        389.01960784, 1600.        , 1600.        , 1600.        ,
       1600.        , 1600.        , 1600.        , 1280.        ,
        960.        ,  640.        ,  320.        ,    0.        ,
          0.        ,    0.        ,    0.        ,    0.        ,
          0.        ,  320.        ,  640.        ,  960.        ,
       1280.        ])
