array([1341.84792539,  338.90655417,  578.96689425,  819.02723432,
       1059.0875744 , 1299.14791447,    0.        ,    0.        ,
          0.        ,  247.84313725,  514.50980392,  781.17647059,
       1047.84313725, 1314.50980392, 1581.17647059, 1600.        ,
       1600.        , 1600.        , 1600.        , 1600.        ,
       1600.        , 1352.15686275, 1085.49019608,  818.82352941,
        552.15686275,  285.49019608,   18.82352941,    0.        ,
          0.        ,    0.        ])
array([1161.96598721,  776.50980178,  391.05361636, 1216.23008267,
        830.77389724,  445.31771181, 1270.49417813,    0.        ,
          0.        ,    0.        ,    0.        ,  111.28998968,
        448.13209494,  784.97420021, 1121.81630547, 1458.65841073,
       1600.        , 1600.        , 1600.        , 1600.        ,
       1600.        , 1320.28895769,  983.44685243,  646.60474716,
        309.7626419 ,    0.        ])
array([ 356.18337277,  450.71530685,  545.24724092,  736.40990714,
        830.94184121,  925.47377528, 1116.6364415 , 1211.16837557,
       1305.70030965,    0.        ,    0.        ,    0.        ,
        260.39215686,  527.05882353,  793.7254902 , 1060.39215686,
       1327.05882353, 1593.7254902 , 1600.        , 1600.        ,
       1600.        , 1600.        , 1600.        , 1600.        ,
       1339.60784314, 1072.94117647,  806.2745098 ,  539.60784314,
        272.94117647,    6.2745098 ,    0.        ,    0.        ,
          0.        ])
array([1316.06965167,  910.11237924, 1131.61441011,  504.1551068 ,
        725.65713768,  319.69986525,    0.        ,    0.        ,
          0.        ,    0.        ,    0.        ,  307.45098039,
        627.45098039,  947.45098039, 1267.45098039, 1587.45098039,
       1600.        , 1600.        , 1600.        , 1600.        ,
       1600.        , 1292.54901961,  972.54901961,  652.54901961,
        332.54901961,   12.54901961])
array([1245.65078425,  928.73450976,  611.81823527,  294.90196078,
       1196.02494472,  879.10867023,  562.19239574,  245.27612125,
          0.        ,  294.90196078,  614.90196078,  934.90196078,
       1254.90196078, 1574.90196078, 1600.        , 1600.        ,
       1600.        , 1600.        , 1600.        , 1305.09803922,
        985.09803922,  665.09803922,  345.09803922,   25.09803922,
          0.        ,    0.        ,    0.        ,    0.        ])
