array([395.85759817,   0.        , 257.25490196, 523.92156863,
       790.58823529, 800.        , 800.        , 800.        ,
       542.74509804, 276.07843137,   9.41176471,   0.        ,
         0.        ])
array([409.54904064, 561.78544763,   0.        , 257.25490196,
       523.92156863, 790.58823529, 800.        , 800.        ,
       800.        , 542.74509804, 276.07843137,   9.41176471,
         0.        ,   0.        ])
array([468.18689194,   0.        ,   0.        ,   0.        ,
       257.25490196, 523.92156863, 790.58823529, 800.        ,
       800.        , 800.        , 542.74509804, 276.07843137,
         9.41176471])
array([375.58517898,   0.        ,   0.        ,   0.        ,
       257.25490196, 523.92156863, 790.58823529, 800.        ,
       800.        , 800.        , 542.74509804, 276.07843137,
         9.41176471])
array([522.19675844, 223.56314798,   0.        ,   0.        ,
       112.94117647, 432.94117647, 752.94117647, 800.        ,
       800.        , 687.05882353, 367.05882353,  47.05882353])
array([561.97236677, 316.8627451 ,   0.        , 257.25490196,
       523.92156863, 790.58823529, 800.        , 800.        ,
       800.        , 542.74509804, 276.07843137,   9.41176471,
         0.        ,   0.        ])
array([506.89262619,   0.        , 257.25490196, 523.92156863,
       790.58823529, 800.        , 800.        , 800.        ,
       542.74509804, 276.07843137,   9.41176471,   0.        ,
         0.        ])
array([377.09947858,   0.        , 257.25490196, 523.92156863,
       790.58823529, 800.        , 800.        , 800.        ,
       542.74509804, 276.07843137,   9.41176471,   0.        ,
         0.        ])
array([456.43881639,   0.        ,   0.        ,   0.        ,
       257.25490196, 523.92156863, 790.58823529, 800.        ,
       800.        , 800.        , 542.74509804, 276.07843137,
         9.41176471])
array([259.01173284, 440.2697848 ,   0.        ,   0.        ,
       112.94117647, 432.94117647, 752.94117647, 800.        ,
       800.        , 687.05882353, 367.05882353,  47.05882353])
