array([393.32146862, 790.58823529, 800.        , 800.        ,
       800.        , 542.74509804, 276.07843137,   9.41176471,
         0.        ,   0.        ,   0.        , 257.25490196,
       523.92156863])
array([371.27995394, 558.09681615, 790.58823529, 800.        ,
       800.        , 800.        , 542.74509804, 276.07843137,
         9.41176471,   0.        ,   0.        ,   0.        ,
       257.25490196, 523.92156863])
array([352.17446666, 257.25490196, 523.92156863, 790.58823529,
       800.        , 800.        , 800.        , 542.74509804,
       276.07843137,   9.41176471,   0.        ,   0.        ,
         0.        ])
array([405.04320281, 257.25490196, 523.92156863, 790.58823529,
       800.        , 800.        , 800.        , 542.74509804,
       276.07843137,   9.41176471,   0.        ,   0.        ,
         0.        ])
array([470.19184793, 367.0209812 , 272.94117647, 592.94117647,
       800.        , 800.        , 800.        , 527.05882353,
       207.05882353,   0.        ,   0.        ,   0.        ])
array([542.9616907 , 439.21568627, 790.58823529, 800.        ,
       800.        , 800.        , 542.74509804, 276.07843137,
         9.41176471,   0.        ,   0.        ,   0.        ,
       257.25490196, 523.92156863])
array([330.00217763, 790.58823529, 800.        , 800.        ,
       800.        , 542.74509804, 276.07843137,   9.41176471,
         0.        ,   0.        ,   0.        , 257.25490196,
       523.92156863])
array([404.37120335, 790.58823529, 800.        , 800.        ,
       800.        , 542.74509804, 276.07843137,   9.41176471,
         0.        ,   0.        ,   0.        , 257.25490196,
       523.92156863])
array([358.54643315, 257.25490196, 523.92156863, 790.58823529,
       800.        , 800.        , 800.        , 542.74509804,
       276.07843137,   9.41176471,   0.        ,   0.        ,
         0.        ])
array([346.2076266 , 517.68536028, 272.94117647, 592.94117647,
       800.        , 800.        , 800.        , 527.05882353,
       207.05882353,   0.        ,   0.        ,   0.        ])
