array([309.0102798 ,   0.        , 235.29411765, 768.62745098,
       800.        , 564.70588235,  31.37254902])
array([226.58674887,   0.        ,   0.        , 370.19607843,
       770.19607843, 800.        , 800.        , 429.80392157,
        29.80392157])
array([227.4042759 ,   0.        ,   0.        , 349.57983193,
       800.        , 800.        , 678.99159664, 221.8487395 ])
array([569.3475404 ,   0.        ,   0.        , 370.19607843,
       770.19607843, 800.        , 800.        , 429.80392157,
        29.80392157])
array([224.30080217,   0.        , 368.62745098, 768.62745098,
       800.        , 800.        , 431.37254902,  31.37254902,
         0.        ])
