array([272.60588235, 272.60588235, 536.47058824, 536.47058824,
       250.98039216, 517.64705882, 784.31372549, 800.        ,
       800.        , 800.        , 549.01960784, 282.35294118,
        15.68627451,   0.        ,   0.        ,   0.        ])
array([508.81862389, 246.45587168, 555.99549477, 293.63274255,
       250.98039216, 517.64705882, 784.31372549, 800.        ,
       800.        , 800.        , 549.01960784, 282.35294118,
        15.68627451,   0.        ,   0.        ,   0.        ])
array([304.75625533, 592.94117647, 218.97392015, 507.15884129,
       272.94117647, 592.94117647, 800.        , 800.        ,
       800.        , 527.05882353, 207.05882353,   0.        ,
         0.        ,   0.        ])
array([272.89109995, 545.7821999 , 263.12399426, 536.01509422,
       250.98039216, 517.64705882, 784.31372549, 800.        ,
       800.        , 800.        , 549.01960784, 282.35294118,
        15.68627451,   0.        ,   0.        ,   0.        ])
array([598.75073255, 483.42814476, 298.50416941, 183.18158162,
       527.05882353, 800.        , 800.        , 800.        ,
       592.94117647, 272.94117647,   0.        ,   0.        ,
         0.        , 207.05882353])
