array([-1.0819837 , -1.0819837 , -1.0819837 , -1.0819837 , -1.23476476,
       -1.25572461, -1.29215144, -1.29215144, -1.5373628 , -1.5373628 ,
       -1.5373628 , -1.5373628 , -1.5373628 , -1.5373628 , -1.5653819 ,
       -1.5653819 , -1.5653819 , -1.59391047, -1.59391047, -1.59391047,
       -1.59391047, -1.59391047, -1.62359042, -1.79880425, -1.81060929,
       -1.81060929, -1.81060929, -1.81060929, -1.81060929, -1.81060929,
       -1.81060929, -1.81060929, -1.81060929, -1.81249107, -1.81249107,
       -1.81263545, -1.81263545, -1.81771434, -1.81771434, -1.81771434,
       -1.81771434, -1.82362146, -1.82362146, -1.82362146, -1.82362146,
       -1.82362146, -1.82362146, -1.82362146, -1.82362146, -1.82363313,
       -1.82363313, -1.8236904 , -1.8236904 , -1.8236904 , -1.8236904 ,
       -1.82369152, -1.82369152, -1.82369152, -1.82369827, -1.82369827,
       -1.82369827, -1.82369827, -1.82369827, -1.82369827, -1.82369827,
       -1.82369827, -1.82369827])
array([ 1.00000000e+06, -1.02169253e+00, -1.02169253e+00, -1.02169253e+00,
       -1.10920142e+00, -1.26666924e+00, -1.26666924e+00, -1.66764073e+00,
       -1.66764073e+00, -1.66764073e+00, -1.66764073e+00, -1.66764073e+00,
       -1.66764073e+00, -1.66764073e+00, -1.66764073e+00, -1.66764073e+00,
       -1.67813397e+00, -1.67813397e+00, -1.67813397e+00, -1.67813397e+00,
       -1.67813397e+00, -1.67813397e+00, -1.67813397e+00, -1.67813397e+00,
       -1.67813397e+00, -1.67813397e+00, -1.67813397e+00, -1.67813397e+00,
       -1.67813397e+00, -1.67813397e+00, -1.67813397e+00, -1.81885022e+00,
       -1.81885022e+00, -1.81885022e+00, -1.81885022e+00, -1.81885022e+00,
       -1.81885022e+00, -1.81885022e+00, -1.81885022e+00, -1.81885022e+00,
       -1.81885022e+00, -1.81885022e+00, -1.81885022e+00, -1.81885022e+00,
       -1.81885022e+00, -1.81885022e+00, -1.81885022e+00, -1.81885022e+00,
       -1.81885022e+00, -1.81885022e+00, -1.81942722e+00, -1.81942722e+00,
       -1.81942722e+00, -1.82082099e+00, -1.82082099e+00, -1.82082099e+00,
       -1.82082099e+00, -1.82082099e+00, -1.82082099e+00, -1.82161767e+00,
       -1.82161767e+00, -1.82161767e+00, -1.82161767e+00, -1.82161767e+00,
       -1.82988559e+00, -1.82988559e+00, -1.82988559e+00, -1.82988559e+00,
       -1.82988559e+00, -1.82988559e+00, -1.82988559e+00, -1.83009360e+00,
       -1.83009360e+00, -1.83009360e+00, -1.83009360e+00, -1.83009360e+00,
       -1.83009360e+00, -1.83009360e+00, -1.83009360e+00, -1.83521911e+00,
       -1.83521911e+00, -1.83521911e+00, -1.83575372e+00, -1.83575372e+00,
       -1.83575372e+00, -1.83575372e+00, -1.83575372e+00, -1.83575372e+00,
       -1.83575372e+00, -1.83575372e+00, -1.83575372e+00, -1.83575372e+00,
       -1.83575372e+00, -1.83575372e+00, -1.83802825e+00, -1.84220890e+00,
       -1.84220890e+00, -1.84220890e+00, -1.84330643e+00, -1.84642211e+00,
       -1.84642211e+00, -1.84642211e+00, -1.84642211e+00, -1.84642211e+00,
       -1.84642211e+00, -1.84642211e+00, -1.84821355e+00, -1.84821355e+00,
       -1.84821355e+00, -1.84821355e+00, -1.84821355e+00, -1.84821355e+00,
       -1.84821355e+00, -1.84821355e+00, -1.84913315e+00, -1.84913315e+00,
       -1.84913315e+00, -1.84913315e+00, -1.84913315e+00, -1.84913315e+00,
       -1.84913315e+00, -1.84913315e+00, -1.84913315e+00, -1.84913315e+00,
       -1.84913315e+00, -1.84942002e+00, -1.84942002e+00, -1.84942002e+00,
       -1.84942002e+00, -1.84942002e+00, -1.84942002e+00, -1.84942002e+00,
       -1.84942002e+00, -1.84942002e+00, -1.84942002e+00, -1.84942002e+00,
       -1.84942002e+00, -1.84942002e+00, -1.84981051e+00, -1.84981051e+00,
       -1.84981051e+00, -1.84981051e+00, -1.84981051e+00, -1.84981051e+00,
       -1.84981051e+00, -1.84981051e+00, -1.84981051e+00, -1.84981051e+00,
       -1.84981051e+00, -1.84981051e+00, -1.84981051e+00, -1.84981051e+00,
       -1.84981051e+00, -1.84981051e+00, -1.84981051e+00, -1.84981051e+00,
       -1.84981051e+00, -1.84981051e+00, -1.84981051e+00, -1.84981051e+00,
       -1.84981051e+00, -1.84981051e+00, -1.84981051e+00, -1.84981051e+00])
array([-0.27287193, -0.27287193, -0.27287193, -0.75997492, -0.76030948,
       -0.76030948, -0.76030948, -1.08162362, -1.08162362, -1.08162362,
       -1.08162362, -1.09129126, -1.09129126, -1.10558104, -1.27014144,
       -1.27014144, -1.27014144, -1.27014144, -1.28371573, -1.28371573,
       -1.41770414, -1.41770414, -1.41770414, -1.41770414, -1.41770414,
       -1.41770414, -1.41770414, -1.42032354, -1.42032354, -1.42032354,
       -1.42032354, -1.42032354, -1.42032354, -1.5373628 , -1.5373628 ,
       -1.5373628 , -1.5373628 , -1.5373628 , -1.5373628 , -1.5373628 ,
       -1.5373628 , -1.5373628 , -1.5373628 , -1.5373628 , -1.53800978,
       -1.53800978, -1.5653819 , -1.63689269, -1.63689269, -1.63689269,
       -1.63689269, -1.63689269, -1.63689269, -1.6421205 , -1.6421205 ,
       -1.6421205 , -1.6421205 , -1.6421205 , -1.80812   , -1.80812   ,
       -1.80812   , -1.81617925, -1.8183895 , -1.8183895 , -1.8183895 ,
       -1.8183895 , -1.8183895 , -1.8183895 , -1.8183895 , -1.8183895 ,
       -1.8183895 , -1.8183895 , -1.82202687, -1.82202687, -1.82364638,
       -1.82364638, -1.82364638, -1.82364638, -1.82364638, -1.82364638,
       -1.82364638, -1.82364638, -1.82365363, -1.82365363, -1.82365363,
       -1.82365363, -1.82365363, -1.82365363, -1.8236941 , -1.8236941 ,
       -1.82373434, -1.82373434, -1.82373434, -1.82373434, -1.82373434,
       -1.82373434, -1.82373434, -1.82373434, -1.82373434, -1.82384443,
       -1.82384674, -1.82384674, -1.82384674, -1.82384674, -1.82384674,
       -1.82384674, -1.82384674, -1.82384674, -1.82384674, -1.82384674,
       -1.82384674, -1.82384674, -1.82384674, -1.82384674, -1.82384674,
       -1.82384674, -1.82384674, -1.82384674, -1.82384674, -1.82384674,
       -1.82384674, -1.82384674, -1.82384674, -1.82384674, -1.82384674])
array([-1.04936964, -1.24627991, -1.24627991, -1.24627991, -1.25806148,
       -1.29610579, -1.29610579, -1.33631068, -1.33631068, -1.33631068,
       -1.34006654, -1.34006654, -1.34006654, -1.34006654, -1.34006654,
       -1.34006654, -1.34340848, -1.34340848, -1.34340848, -1.34340848,
       -1.34340848, -1.43190553, -1.51811982, -1.51811982, -1.51811982,
       -1.60857977, -1.62752983, -1.62752983, -1.62752983, -1.62752983,
       -1.62752983, -1.73759373, -1.73759373, -1.73759373, -1.73759373,
       -1.73771387, -1.73771387, -1.73771387, -1.73771387, -1.73771387,
       -1.73771387, -1.73771387, -1.73771387, -1.79198726, -1.79198726,
       -1.79198726, -1.79198726, -1.79198726, -1.79629996, -1.79629996,
       -1.79629996, -1.79629996, -1.79629996, -1.79629996, -1.79629996,
       -1.79690539, -1.79782682, -1.79782682, -1.79809041, -1.79809041,
       -1.79828278, -1.79828278, -1.79855104, -1.79855104, -1.79855104,
       -1.79855104, -1.79855104, -1.79855104, -1.79855104, -1.79855104,
       -1.79866199, -1.79866199, -1.79866199, -1.79940437, -1.79940437,
       -1.79940437, -1.79940437, -1.81160587, -1.81160587, -1.81361067,
       -1.81361067, -1.81361067, -1.81361067, -1.81361067, -1.81361067,
       -1.82074485, -1.82074485, -1.82074485, -1.82074485, -1.82074485,
       -1.82074485, -1.82074485, -1.82074485, -1.82074485, -1.82074485,
       -1.82205352, -1.82205352, -1.82205352, -1.82205352, -1.82205352,
       -1.82249521, -1.82249521, -1.82249521, -1.82249521, -1.82359059,
       -1.82359059, -1.82359059, -1.82359059, -1.82359059, -1.82359059,
       -1.82364257, -1.82364257, -1.82364257, -1.82364257, -1.82364257,
       -1.82364257, -1.82364257, -1.82364257, -1.82364257, -1.82364257,
       -1.82364257, -1.82364257, -1.82364257, -1.82364257, -1.82364257,
       -1.82364257, -1.82364257, -1.82364257, -1.82364257, -1.82364257])
array([-0.94724933, -0.94724933, -0.94724933, -0.94724933, -0.94724933,
       -1.08758426, -1.08758426, -1.15735131, -1.15735131, -1.15735131,
       -1.15735131, -1.54766564, -1.54766564, -1.54766564, -1.54766564,
       -1.54766564, -1.54766564, -1.54766564, -1.54766564, -1.54766564,
       -1.54766564, -1.54766564, -1.54766564, -1.54766564, -1.54766564,
       -1.55877516, -1.62797628, -1.62797628, -1.62797628, -1.62797628,
       -1.62797628, -1.62797628, -1.62797628, -1.62797628, -1.62797628,
       -1.69026931, -1.69026931, -1.69026931, -1.69026931, -1.69026931,
       -1.69026931, -1.69026931, -1.69026931, -1.69026931, -1.69026931,
       -1.69026931, -1.69026931, -1.69026931, -1.69026931, -1.69026931,
       -1.69026931, -1.71705089, -1.71705089, -1.71705089, -1.71705089,
       -1.71705089, -1.71705089, -1.71911451, -1.71911451, -1.71911451,
       -1.73052896, -1.73052896, -1.7313917 , -1.7313917 , -1.7313917 ,
       -1.7313917 , -1.73407607, -1.73407607, -1.73407607, -1.73407607,
       -1.73407607, -1.73407607, -1.73407607, -1.73407607, -1.73407607,
       -1.73407607, -1.73407607, -1.73513344, -1.73513344, -1.73513344,
       -1.73513344, -1.73513344, -1.73513344, -1.73513344, -1.73513344,
       -1.73513344, -1.73513344, -1.73513344, -1.73513344, -1.73513344,
       -1.73513344, -1.73513344, -1.73513344, -1.73513344, -1.73549093,
       -1.73549093, -1.73549093, -1.73549093, -1.73549093, -1.73549093,
       -1.73552968, -1.73552968, -1.73552968, -1.73552968, -1.73552968,
       -1.73552968, -1.73557743, -1.73557743, -1.73593243, -1.73593243,
       -1.73593243, -1.73593243, -1.73593243, -1.73593243, -1.73593243,
       -1.73593243, -1.73593243, -1.73593243, -1.73593243, -1.73593243,
       -1.73593243, -1.73593243, -1.73593243, -1.73593243, -1.73593243,
       -1.73593243, -1.73593243, -1.73593243, -1.73593243, -1.73593243,
       -1.73593243, -1.73593243, -1.73593243, -1.73593243])
array([-0.7327408 , -0.7327408 , -1.14258102, -1.14258102, -1.14258102,
       -1.14258102, -1.14258102, -1.14258102, -1.7833328 , -1.7833328 ,
       -1.7833328 , -1.7833328 , -1.7833328 , -1.7833328 , -1.7833328 ,
       -1.80184349, -1.80184349, -1.80184349, -1.80184349, -1.80184349,
       -1.80894629, -1.80894629, -1.81339591, -1.81339591, -1.81339591,
       -1.81409475, -1.81409475, -1.81409475, -1.81440204, -1.81474981,
       -1.81474981, -1.81474981, -1.81474981, -1.81474981, -1.81986225,
       -1.82278961, -1.82278961, -1.82278961, -1.86704995, -1.86704995,
       -1.86704995, -1.86704995, -1.86704995, -1.86704995, -1.86704995,
       -1.86704995, -1.86704995, -1.86704995, -1.86704995, -1.88538326,
       -1.88538326, -1.88538326, -1.88538326, -1.88538326, -1.88538326,
       -1.88538326, -1.88538326, -1.88538326, -1.88538326, -1.88538326,
       -1.88538326, -1.88549859, -1.88558317, -1.88558317, -1.88558317,
       -1.88605939, -1.88682279, -1.88682279, -1.88682279, -1.88682279,
       -1.88682279, -1.8873027 , -1.8873027 , -1.8873027 , -1.8873027 ,
       -1.8873027 , -1.8873027 , -1.8873027 , -1.8873027 , -1.8873027 ,
       -1.8873027 , -1.8873027 , -1.8873027 , -1.8873027 , -1.8873027 ,
       -1.8873027 , -1.88825104, -1.88825104, -1.88825104, -1.88825104,
       -1.88825104, -1.88825104, -1.88825104, -1.88825104, -1.88825104,
       -1.88825104, -1.88825104, -1.88825104, -1.88825104, -1.88825104,
       -1.88825104, -1.88825104, -1.88825104, -1.88825104, -1.88825104,
       -1.88825104, -1.88825104, -1.88825104, -1.88825104, -1.88825104,
       -1.88825104, -1.88825104])
array([-1.11269869, -1.12964819, -1.12964819, -1.12964819, -1.12964819,
       -1.14639794, -1.32993176, -1.51328817, -1.54713125, -1.54713125,
       -1.54713125, -1.54713125, -1.69038204, -1.69038204, -1.69038204,
       -1.69038204, -1.69038204, -1.69254398, -1.69254398, -1.69254398,
       -1.69873038, -1.69873038, -1.69873038, -1.79947388, -1.81475448,
       -1.81475448, -1.81475448, -1.81475448, -1.81475448, -1.81475448,
       -1.81475448, -1.81475448, -1.81475448, -1.81476748, -1.81477576,
       -1.81477576, -1.82108963, -1.82108963, -1.82108963, -1.82108963,
       -1.82108963, -1.82108963, -1.82108963, -1.82108963, -1.82108963,
       -1.82108963, -1.82108963, -1.82108963, -1.82158123, -1.82158123,
       -1.82158123, -1.82158123, -1.82158123, -1.82158123, -1.82158123,
       -1.82158123, -1.82158123, -1.82158123, -1.82335385, -1.82335385,
       -1.82335385, -1.82335385, -1.82335385, -1.82335385, -1.82362399,
       -1.82362399, -1.82362399, -1.82362399, -1.82362399, -1.82362399,
       -1.82362399, -1.82362399, -1.82362399, -1.82362399, -1.8236875 ,
       -1.8236875 , -1.8236875 , -1.82377738, -1.82392243, -1.82392243,
       -1.82392243, -1.82392243, -1.82392243, -1.82392243, -1.82392243,
       -1.82392243, -1.82392243, -1.82392243, -1.82392243, -1.82392243,
       -1.82392243, -1.82392243, -1.82392243, -1.82392243, -1.82392243,
       -1.82392243, -1.82392243, -1.82392243, -1.82392243, -1.82392243,
       -1.82392243, -1.82392243, -1.82392243, -1.82392243])
array([-1.11269869, -1.11269869, -1.11269869, -1.11269869, -1.11269869,
       -1.143492  , -1.143492  , -1.29471345, -1.29471345, -1.29471345,
       -1.29471345, -1.29471345, -1.29471345, -1.29471345, -1.29471345,
       -1.29471345, -1.29563837, -1.63689269, -1.63689269, -1.63689269,
       -1.63689269, -1.63689269, -1.63689269, -1.63689269, -1.63689269,
       -1.63689269, -1.63689269, -1.63689269, -1.63689269, -1.6421205 ,
       -1.6421205 , -1.6421205 , -1.6421205 , -1.6421205 , -1.6421205 ,
       -1.6421205 , -1.6421205 , -1.6421205 , -1.6421205 , -1.6421205 ,
       -1.6421205 , -1.76161773, -1.78250617, -1.78250617, -1.78250617,
       -1.78250617, -1.78250617, -1.79503285, -1.79503285, -1.80764622,
       -1.80764622, -1.80764622, -1.80764622, -1.80764622, -1.80764622,
       -1.8167523 , -1.8167523 , -1.8167523 , -1.8167523 , -1.8167523 ,
       -1.82088534, -1.82088534, -1.82088534, -1.82172757, -1.82329159,
       -1.82329159, -1.82329159, -1.82329159, -1.82356745, -1.82356745,
       -1.82356745, -1.82356745, -1.82356745, -1.82356745, -1.82356745,
       -1.82356745, -1.82356745, -1.82356745, -1.82356745, -1.82364232,
       -1.82364232, -1.82364232, -1.82364232, -1.82364232, -1.82364232,
       -1.82364232, -1.82364232, -1.82364232, -1.82364232, -1.82364232,
       -1.82364232, -1.82364232, -1.82364232, -1.82364232])
array([-0.95803888, -0.95803888, -0.95803888, -1.01679942, -1.10979973,
       -1.10979973, -1.10979973, -1.54053063, -1.54053063, -1.54053063,
       -1.54713125, -1.54713125, -1.54713125, -1.54713125, -1.5653819 ,
       -1.5653819 , -1.60857977, -1.63930869, -1.63930869, -1.77637507,
       -1.77637507, -1.77637507, -1.77637507, -1.77637507, -1.7888914 ,
       -1.79469032, -1.79469032, -1.79469032, -1.79469032, -1.79469032,
       -1.79469032, -1.79520287, -1.79787242, -1.79787242, -1.79787242,
       -1.79787242, -1.80586476, -1.80642358, -1.80642358, -1.80642358,
       -1.81259767, -1.81259767, -1.81259767, -1.81471763, -1.81471763,
       -1.81471763, -1.81471763, -1.81476174, -1.81476174, -1.81476174,
       -1.81476174, -1.81476174, -1.82119604, -1.82119604, -1.82152604,
       -1.82152604, -1.8217995 , -1.8217995 , -1.82187206, -1.82187206,
       -1.82187206, -1.82187206, -1.82187206, -1.82363757, -1.82363757,
       -1.82363757, -1.82363757, -1.82363757, -1.82363757, -1.82363757,
       -1.82364272, -1.82372261, -1.82372261, -1.8237855 , -1.8237855 ,
       -1.8237855 , -1.8237855 , -1.8237855 , -1.8237897 , -1.8237897 ,
       -1.8237897 , -1.8237897 , -1.8237897 , -1.8237897 , -1.8237897 ,
       -1.8237897 , -1.8237897 , -1.8237897 , -1.8237897 , -1.8237897 ,
       -1.8237897 , -1.8237897 , -1.8237897 , -1.8237897 , -1.8237897 ,
       -1.8237897 , -1.8237897 ])
array([ 1.00000000e+06, -5.77170484e-01, -5.77170484e-01, -9.36372053e-01,
       -9.36372053e-01, -1.07261327e+00, -1.07261327e+00, -1.07261327e+00,
       -1.22435497e+00, -1.22435497e+00, -1.22435497e+00, -1.22435497e+00,
       -1.22435497e+00, -1.22497263e+00, -1.24383196e+00, -1.24383196e+00,
       -1.39294853e+00, -1.39294853e+00, -1.39294853e+00, -1.39294853e+00,
       -1.39294853e+00, -1.39515900e+00, -1.39515900e+00, -1.40398880e+00,
       -1.48276119e+00, -1.48276119e+00, -1.48810480e+00, -1.48810480e+00,
       -1.57636546e+00, -1.57636546e+00, -1.57636546e+00, -1.57636546e+00,
       -1.58010525e+00, -1.58010525e+00, -1.58126169e+00, -1.58126169e+00,
       -1.58126169e+00, -1.58126169e+00, -1.58126169e+00, -1.64319921e+00,
       -1.64319921e+00, -1.64319921e+00, -1.64319921e+00, -1.64707053e+00,
       -1.72311490e+00, -1.72311490e+00, -1.72311490e+00, -1.72311490e+00,
       -1.72311490e+00, -1.72311490e+00, -1.72311490e+00, -1.72311490e+00,
       -1.72311490e+00, -1.72311490e+00, -1.72311490e+00, -1.72311490e+00,
       -1.72311490e+00, -1.72957450e+00, -1.72957450e+00, -1.72957450e+00,
       -1.72957450e+00, -1.72957450e+00, -1.73233014e+00, -1.73233014e+00,
       -1.73527293e+00, -1.73527293e+00, -1.73564356e+00, -1.73564356e+00,
       -1.73564356e+00, -1.73564356e+00, -1.73634099e+00, -1.73634099e+00,
       -1.73634099e+00, -1.73634099e+00, -1.73634099e+00, -1.73634099e+00,
       -1.73634099e+00, -1.73634099e+00, -1.73634099e+00, -1.73634099e+00,
       -1.73634099e+00, -1.73634099e+00, -1.73634099e+00, -1.73634099e+00,
       -1.73634099e+00, -1.73634099e+00, -1.73634099e+00, -1.73634099e+00,
       -1.73634099e+00, -1.73634099e+00, -1.73634099e+00, -1.73634099e+00,
       -1.73634099e+00, -1.73634099e+00, -1.73634099e+00, -1.73634099e+00])
