array([236.9725519 , 552.92549307, 246.72941176, 562.68235294,
         0.        ,   0.        ,   0.        , 250.98039216,
       517.64705882, 784.31372549, 800.        , 800.        ,
       800.        , 549.01960784, 282.35294118,  15.68627451])
array([299.23453826, 245.15459517, 560.50900892, 506.42906583,
         0.        ,   0.        ,   0.        , 250.98039216,
       517.64705882, 784.31372549, 800.        , 800.        ,
       800.        , 549.01960784, 282.35294118,  15.68627451])
array([262.52152764, 263.52941176, 535.23252756, 536.24041169,
         0.        ,   0.        , 112.94117647, 432.94117647,
       752.94117647, 800.        , 800.        , 687.05882353,
       367.05882353,  47.05882353])
array([562.57270716, 554.16502215, 245.55842624, 237.15074124,
         0.        ,   0.        ,   0.        , 250.98039216,
       517.64705882, 784.31372549, 800.        , 800.        ,
       800.        , 549.01960784, 282.35294118,  15.68627451])
array([542.51085944, 321.25560849, 505.33227782, 284.07702686,
         0.        ,  47.05882353, 367.05882353, 687.05882353,
       800.        , 800.        , 752.94117647, 432.94117647,
       112.94117647,   0.        ])
