array([451.44663371, 501.96078431, 800.        , 800.        ,
       298.03921569,   0.        ,   0.        ])
array([502.04953143, 370.19607843, 770.19607843, 800.        ,
       800.        , 429.80392157,  29.80392157,   0.        ,
         0.        ])
array([413.89620747, 235.29411765, 692.43697479, 800.        ,
       793.27731092, 336.13445378,   0.        ,   0.        ])
array([298.77243056, 370.19607843, 770.19607843, 800.        ,
       800.        , 429.80392157,  29.80392157,   0.        ,
         0.        ])
array([503.16823   , 768.62745098, 800.        , 800.        ,
       431.37254902,  31.37254902,   0.        ,   0.        ,
       368.62745098])
