[ 300.04910142  729.7918432  1159.53458498    0.          161.04575163
  516.60130719  872.15686275 1227.7124183  1583.26797386 1600.
 1600.         1600.         1600.         1438.95424837 1083.39869281
  727.84313725  372.2875817    16.73202614    0.            0.
    0.        ]
[ 467.48586505  395.74592858    0.            0.            0.
  301.17647059  621.17647059  941.17647059 1261.17647059 1581.17647059
 1600.         1600.         1600.         1600.         1600.
 1298.82352941  978.82352941  658.82352941  338.82352941   18.82352941
    0.            0.        ]
[ 421.60650856  621.17647059  876.32832327 1075.8982853     0.
    0.            0.            0.          382.74509804  782.74509804
 1182.74509804 1582.74509804 1600.         1600.         1600.
 1600.         1217.25490196  817.25490196  417.25490196   17.25490196]
[ 374.45000436  169.41176471 1179.95168808  974.91344843    0.
  381.17647059  781.17647059 1181.17647059 1581.17647059 1600.
 1600.         1600.         1600.         1218.82352941  818.82352941
  418.82352941   18.82352941    0.            0.            0.        ]
[ 390.35328522 1355.29411765  271.84392619 1236.78475862    0.
    0.          379.60784314  779.60784314 1179.60784314 1579.60784314
 1600.         1600.         1600.         1600.         1220.39215686
  820.39215686  420.39215686   20.39215686    0.            0.        ]
