[1181.34104517 1392.76299198  743.45901141  954.88095822 1166.30290503
 1377.72485183  305.57697765  516.99892446  728.42087127  939.84281807
 1151.26476488 1362.68671169  290.53883751  501.96078431  713.38273112
  924.80467793 1136.22662473 1347.64857154  275.50069736  486.92264417
  698.34459097  909.76653778 1121.18848459 1332.6104314   260.46255721
  471.88450402  683.30645083  894.72839764  245.42441707  456.84636388
    0.            0.            0.            0.            0.
  328.91640867  665.75851393 1002.6006192  1339.44272446 1600.
 1600.         1600.         1600.         1600.         1439.50464396
 1102.6625387   765.82043344  428.97832817   92.13622291]
[3.32688658e+02 3.24847339e+02 3.17006020e+02 3.09164701e+02
 3.01323382e+02 5.34113101e+02 5.26271782e+02 5.18430463e+02
 5.10589144e+02 7.43378864e+02 7.35537545e+02 7.27696226e+02
 7.19854907e+02 7.12013588e+02 9.52644626e+02 9.44803307e+02
 9.36961988e+02 9.29120669e+02 9.21279350e+02 1.15406907e+03
 1.14622775e+03 1.13838643e+03 1.13054511e+03 1.12270379e+03
 1.36333483e+03 1.35549351e+03 1.34765219e+03 1.33981088e+03
 1.33196956e+03 0.00000000e+00 0.00000000e+00 0.00000000e+00
 0.00000000e+00 0.00000000e+00 2.66666667e+02 5.33333333e+02
 8.00000000e+02 1.06666667e+03 1.33333333e+03 1.60000000e+03
 1.60000000e+03 1.60000000e+03 1.60000000e+03 1.60000000e+03
 1.60000000e+03 1.60000000e+03 1.33333333e+03 1.06666667e+03
 8.00000000e+02 5.33333333e+02 2.66666667e+02 9.09494702e-13
 0.00000000e+00]
[1368.57821083 1354.40775829 1340.23730576 1326.06685322 1311.89640069
 1157.9976943  1143.82724177 1129.65678923 1115.4863367  1101.31588416
  933.24672524  919.0762727   904.90582017  890.73536763  876.5649151
  722.66620871  708.49575618  694.32530364  680.1548511   665.98439857
  497.91523965  483.74478711  469.57433458  455.40388204  441.23342951
  287.33472312  273.16427058  258.99381805  244.82336551  230.65291298
    0.            0.            0.            3.1372549   269.80392157
  536.47058824  803.1372549  1069.80392157 1336.47058824 1600.
 1600.         1600.         1600.         1600.         1600.
 1596.8627451  1330.19607843 1063.52941176  796.8627451   530.19607843
  263.52941176    0.            0.            0.        ]
[1364.72100806 1364.72100806 1141.96078431  919.20056057 1364.72100806
 1141.96078431  919.20056057  696.44033682  473.68011308 1364.72100806
 1141.96078431  919.20056057  696.44033682  473.68011308  250.91988933
 1364.72100806 1141.96078431  919.20056057  696.44033682  473.68011308
  250.91988933 1141.96078431  919.20056057  696.44033682  473.68011308
  250.91988933  696.44033682  473.68011308  250.91988933  250.91988933
    0.            0.           14.86068111  351.70278638  688.54489164
 1025.3869969  1362.22910217 1600.         1600.         1600.
 1600.         1600.         1416.71826625 1079.87616099  743.03405573
  406.19195046   69.3498452     0.            0.        ]
[1320.21004221 1083.19266394  846.17528566  609.15790739 1186.16524101
  949.14786274  712.13048447  475.11310619  238.09572792 1289.13781809
 1052.12043981  815.10306154  578.08568327  341.068305   1155.09301689
  918.07563862  681.05826034  444.04088207 1258.06559396 1021.04821569
  784.03083742  547.01345915  309.99608087 1124.02079277  887.00341449
  649.98603622  412.96865795    0.            0.            0.
    0.            0.            0.           25.09803922  291.76470588
  558.43137255  825.09803922 1091.76470588 1358.43137255 1600.
 1600.         1600.         1600.         1600.         1600.
 1574.90196078 1308.23529412 1041.56862745  774.90196078  508.23529412
  241.56862745]
