[3.58143542e+02 1.32836218e+03 1.08004686e+03 8.31731541e+02
 5.83416222e+02 3.35100902e+02 1.30531954e+03 1.05700422e+03
 8.08688901e+02 5.60373582e+02 3.12058262e+02 1.28227690e+03
 1.03396158e+03 7.85646262e+02 5.37330942e+02 2.89015622e+02
 1.25923426e+03 1.01091894e+03 7.62603622e+02 5.14288302e+02
 2.65972982e+02 1.23619162e+03 0.00000000e+00 0.00000000e+00
 0.00000000e+00 2.66666667e+02 5.33333333e+02 8.00000000e+02
 1.06666667e+03 1.33333333e+03 1.60000000e+03 1.60000000e+03
 1.60000000e+03 1.60000000e+03 1.60000000e+03 1.60000000e+03
 1.60000000e+03 1.33333333e+03 1.06666667e+03 8.00000000e+02
 5.33333333e+02 2.66666667e+02 9.09494702e-13 0.00000000e+00
 0.00000000e+00 0.00000000e+00]
[ 222.22330063  427.1214739   239.93059347  444.82876674  649.72694
  257.63788631  462.53605958  667.43423285  872.33240611 1077.23057938
  275.34517915  480.24335242  685.14152569  890.03969896 1094.93787222
 1299.83604549  497.95064526  702.84881853  907.7469918  1112.64516507
 1317.54333833  925.45428464 1130.35245791 1335.25063117 1148.05975075
 1352.95792402    0.            0.            0.            0.
  301.17647059  621.17647059  941.17647059 1261.17647059 1581.17647059
 1600.         1600.         1600.         1600.         1600.
 1298.82352941  978.82352941  658.82352941  338.82352941   18.82352941
    0.        ]
[1232.40519232 1266.0908889  1299.77658548 1333.46228206 1367.14797864
  982.76110921 1016.44680579 1050.13250237 1083.81819895 1117.50389553
  733.1170261   766.80272268  800.48841926  834.17411584  867.85981242
  483.47294299  517.15863957  550.84433615  584.53003272  618.2157293
  233.82885987  267.51455645  301.20025303  334.88594961  368.57164619
    0.            0.            0.            0.            0.
  235.29411765  501.96078431  768.62745098 1035.29411765 1301.96078431
 1568.62745098 1600.         1600.         1600.         1600.
 1600.         1600.         1364.70588235 1098.03921569  831.37254902
  564.70588235  298.03921569   31.37254902    0.        ]
[ 759.986336   1026.14311099 1292.29988598  262.26490024  528.42167523
  794.57845022 1060.73522521 1326.8920002   296.85701446  563.01378945
  829.17056444 1095.32733943 1361.48411443  331.44912868  597.60590367
  863.76267866 1129.91945366 1396.07622865  366.0412429   632.1980179
  898.35479289 1164.51156788    0.            0.            0.
    0.          307.45098039  627.45098039  947.45098039 1267.45098039
 1587.45098039 1600.         1600.         1600.         1600.
 1600.         1292.54901961  972.54901961  652.54901961  332.54901961
   12.54901961    0.        ]
[ 237.64869668  438.92325457  343.07938524  544.35394312  745.62850101
  247.23551591  448.5100738   649.78463168  851.05918956 1052.33374745
  352.66620447  553.94076236  755.21532024  956.48987812 1157.76443601
 1359.03899389  659.37145091  860.6460088  1061.92056668 1263.19512456
  966.07669735 1167.35125524 1368.62581312 1272.7819438     0.
    0.            0.            0.            0.          307.45098039
  627.45098039  947.45098039 1267.45098039 1587.45098039 1600.
 1600.         1600.         1600.         1600.         1292.54901961
  972.54901961  652.54901961  332.54901961   12.54901961]
