[-2.37143202 -2.3838527  -2.50490855 -2.50490855 -2.50490855 -2.5976515
 -2.5976515  -2.5976515  -2.5976515  -2.5976515  -2.5976515  -2.61508253
 -2.61508253 -2.61508253 -2.6159675  -2.64788233 -2.64788233 -2.64788233
 -2.64788233 -2.65310904 -2.65310904 -2.65330138 -2.65330138 -2.65380834
 -2.65904677 -2.65904677 -2.66794459 -2.66794459 -2.66794459 -2.66794459
 -2.66794459 -2.66794459 -2.66869653 -2.66869653 -2.66869653 -2.67248054
 -2.67248054 -2.67248054 -2.67248054 -2.67248054 -2.67594373 -2.67860203
 -2.67860203 -2.67860203 -2.67860203 -2.67860203 -2.67860203 -2.67860203
 -2.67860203 -2.67860203 -2.67860203 -2.67860203 -2.67860203 -2.67860203
 -2.67860203 -2.67914143 -2.67988876 -2.68290507 -2.68290507 -2.68290507
 -2.68290507 -2.68290507 -2.68336731 -2.68336731 -2.68336731 -2.68336731
 -2.68379282 -2.68417677 -2.68725226 -2.68725226 -2.6908638  -2.6908638
 -2.69255379 -2.69255379 -2.69255379 -2.69255379 -2.69255379 -2.69352019
 -2.69352019 -2.69909777 -2.69909777 -2.69909777 -2.69909777 -2.69909777
 -2.71103038 -2.71103038 -2.71103038 -2.71103038 -2.71108142 -2.71108142
 -2.71108142 -2.71108142 -2.71203902 -2.71203902 -2.71279623 -2.71279623
 -2.71279623 -2.71279623 -2.71279623 -2.71279623 -2.71279623 -2.71279623
 -2.71279623 -2.71279623 -2.71279623 -2.71361387 -2.71361387 -2.71361387
 -2.71446658 -2.71446658 -2.71446658 -2.71446658 -2.71446658 -2.71446658
 -2.71446658 -2.71446658 -2.71520827 -2.71520827 -2.71520827 -2.7153352
 -2.7153352  -2.7153352  -2.7153352  -2.7153352  -2.7153352  -2.7153352
 -2.7153352  -2.7153352  -2.7153352  -2.71538648 -2.71538648 -2.71538648
 -2.7155813  -2.7155813  -2.71600802 -2.71600802 -2.71600802 -2.71609709
 -2.71609709 -2.71609709 -2.71609709 -2.71609709 -2.71609709 -2.71609709
 -2.71609709 -2.71609709 -2.71609709 -2.71609709 -2.71609709 -2.71609709
 -2.71609709 -2.71609709 -2.71609709 -2.71609709 -2.71609709 -2.71609709
 -2.71609709 -2.71609709 -2.71609709 -2.71609709 -2.71609709 -2.71609709
 -2.71609709 -2.71609709 -2.71609709 -2.71609709 -2.71609709 -2.71609709
 -2.71609709 -2.71609709 -2.71609709 -2.71609709 -2.71609709 -2.71609709
 -2.71609709 -2.71609709 -2.71609709 -2.71609709 -2.71609709 -2.71609709
 -2.71609709 -2.71609709 -2.71609709 -2.71609709 -2.71609709 -2.71609709
 -2.71609709 -2.71609709]
[-2.54979073 -2.54979073 -2.54979073 -2.54979073 -2.54979073 -2.5550617
 -2.5550617  -2.59637903 -2.59637903 -2.59637903 -2.59637903 -2.59637903
 -2.61319314 -2.61319314 -2.61319314 -2.61319314 -2.62723005 -2.62874475
 -2.65982118 -2.65982118 -2.65982118 -2.65982118 -2.65982118 -2.65982118
 -2.65982118 -2.65982118 -2.65982118 -2.65982118 -2.65982118 -2.65982118
 -2.65982118 -2.65982118 -2.65982118 -2.65982118 -2.65982118 -2.65982118
 -2.65982118 -2.65982118 -2.65982118 -2.65982118 -2.65982118 -2.65982118
 -2.68422386 -2.68422386 -2.68422386 -2.68422386 -2.68422386 -2.68422386
 -2.68422386 -2.68422386 -2.68422386 -2.68422386 -2.68422386 -2.68422386
 -2.68422386 -2.68422386 -2.68422386 -2.68422386 -2.68422386 -2.68422386
 -2.68422386 -2.68422386 -2.68422386 -2.68882959 -2.68882959 -2.69281446
 -2.69281446 -2.69281446 -2.69281446 -2.70406954 -2.70406954 -2.70406954
 -2.70406954 -2.70406954 -2.70406954 -2.70406954 -2.70406954 -2.70406954
 -2.70406954 -2.70406954 -2.70406954 -2.70406954 -2.70406954 -2.70406954
 -2.70406954 -2.70406954 -2.70406954 -2.70406954 -2.70406954 -2.70406954
 -2.70406954 -2.70472317 -2.70472317 -2.7060887  -2.7060887  -2.7060887
 -2.70652279 -2.7072514  -2.7072514  -2.7072514  -2.7072514  -2.7072514
 -2.7072514  -2.7072514  -2.7072514  -2.7072514  -2.7072514  -2.7072514
 -2.7072514  -2.70771633 -2.70855793 -2.70855793 -2.70855793 -2.70855793
 -2.70855793 -2.70855793 -2.70855793 -2.70867396 -2.70867396 -2.70867396
 -2.70871993 -2.70871993 -2.70911623 -2.70911623 -2.70911623 -2.70911623
 -2.70912789 -2.70912789 -2.70912789 -2.70912789 -2.70912789 -2.70912789
 -2.70941201 -2.70941201 -2.70941201 -2.70941201 -2.70941201 -2.70941201
 -2.70941201 -2.70941201 -2.70980971 -2.70980971 -2.70980971 -2.70980971
 -2.70980971 -2.70980971 -2.70980971 -2.70980971 -2.70980971 -2.70980971
 -2.70980971 -2.70980971 -2.70980971 -2.70980971 -2.70980971 -2.70980971
 -2.70980971 -2.70980971 -2.70980971 -2.70980971 -2.70980971 -2.70980971
 -2.70980971 -2.70980971 -2.70980971 -2.70980971 -2.70980971 -2.70980971
 -2.70980971 -2.70980971 -2.70980971 -2.70980971 -2.70980971 -2.70980971
 -2.70980971 -2.70980971 -2.70980971 -2.70980971 -2.70980971 -2.70980971
 -2.70980971 -2.70980971 -2.70980971 -2.70980971 -2.70980971 -2.70980971
 -2.70980971 -2.70980971 -2.70980971 -2.70980971 -2.70980971]
[-2.37189661 -2.49423552 -2.49423552 -2.49423552 -2.49423552 -2.57096264
 -2.57096264 -2.57096264 -2.57096264 -2.57096264 -2.59189998 -2.59189998
 -2.59287892 -2.59861082 -2.61184321 -2.61747343 -2.6306777  -2.6306777
 -2.6306777  -2.6306777  -2.6306777  -2.6306777  -2.6306777  -2.6306777
 -2.63631513 -2.63631513 -2.6401641  -2.66900223 -2.66900223 -2.66900223
 -2.66900223 -2.66900223 -2.66900223 -2.66922823 -2.66922823 -2.66922823
 -2.66922823 -2.66922823 -2.66922823 -2.66922823 -2.66922823 -2.67270092
 -2.67270092 -2.67409188 -2.67409188 -2.67409188 -2.67409188 -2.67409188
 -2.68763215 -2.68763215 -2.68763215 -2.68763215 -2.68763215 -2.69119447
 -2.69119447 -2.69119447 -2.69119447 -2.69119447 -2.69119447 -2.69119447
 -2.69119447 -2.69119447 -2.69119447 -2.69119447 -2.69119447 -2.69249818
 -2.69249818 -2.69249818 -2.69249818 -2.69249818 -2.69249818 -2.69249818
 -2.69249818 -2.69249818 -2.69249818 -2.69249818 -2.69733477 -2.69733477
 -2.69733477 -2.69733477 -2.69733477 -2.69733477 -2.69733477 -2.69812853
 -2.69812853 -2.69812853 -2.69812853 -2.69812853 -2.69812853 -2.69812853
 -2.69812853 -2.69812853 -2.69812853 -2.69812853 -2.69812853 -2.69812853
 -2.69907371 -2.69907371 -2.69907371 -2.69907371 -2.69963395 -2.70183148
 -2.70183148 -2.70183148 -2.70183148 -2.70183148 -2.70183148 -2.70183148
 -2.70183148 -2.70183148 -2.70183148 -2.70183148 -2.70183148 -2.70183148
 -2.70183148 -2.70190586 -2.70447146 -2.70447146 -2.70447146 -2.70447146
 -2.7065918  -2.7065918  -2.7065918  -2.70868841 -2.70868841 -2.70868841
 -2.70868841 -2.70868841 -2.71105736 -2.71105736 -2.71105736 -2.71105736
 -2.71105736 -2.71105736 -2.71105736 -2.71105736 -2.71196528 -2.71196528
 -2.71196528 -2.71196528 -2.71196528 -2.71196528 -2.71197472 -2.71197472
 -2.71227587 -2.71227587 -2.71227587 -2.71227587 -2.71227587 -2.71229563
 -2.71229563 -2.71229563 -2.71229563 -2.71266141 -2.71266141 -2.71266141
 -2.71266141 -2.71266141 -2.71266141 -2.71266141 -2.71266141 -2.71266141
 -2.71266141 -2.71266141 -2.71266141 -2.71266141 -2.71324778 -2.71324778
 -2.71324778 -2.71324778 -2.71324778 -2.71324778 -2.71324778 -2.71324778
 -2.71324778 -2.71324778 -2.71324778 -2.71324778 -2.71324778 -2.71324778
 -2.71355467 -2.71361284 -2.71361284 -2.71361284 -2.71361284 -2.71361284
 -2.71361284 -2.71361284 -2.71361284 -2.71361284 -2.71361284 -2.71361284
 -2.71361284 -2.71361284 -2.71361284 -2.71363192 -2.71363192 -2.71363192
 -2.71363192 -2.71363192 -2.71363192 -2.71363192 -2.71363192 -2.71363192
 -2.71363192 -2.71363192 -2.71363192 -2.71363192 -2.71363192 -2.71363192
 -2.71363192 -2.71363192 -2.71363192 -2.71363192 -2.71363192 -2.71363192
 -2.71363192 -2.71363192 -2.71363192 -2.71363192 -2.71363192 -2.71363192
 -2.71363192 -2.71363192 -2.71363192 -2.71363192 -2.71363192 -2.71363192
 -2.71363192 -2.71363192 -2.71363192 -2.71363192 -2.71363192 -2.71363192
 -2.71363192 -2.71363192 -2.71363192 -2.71363192 -2.71363192 -2.71363192
 -2.71363192 -2.71363192 -2.71363192 -2.71363192 -2.71363192 -2.71363192]
[-2.46959799 -2.52875755 -2.52875755 -2.52875755 -2.52875755 -2.52875755
 -2.52875755 -2.53748491 -2.57366185 -2.59194533 -2.59194533 -2.59194533
 -2.59938474 -2.60199967 -2.60199967 -2.63532467 -2.63547389 -2.63547389
 -2.65301029 -2.65301029 -2.65301029 -2.65347957 -2.65347957 -2.65347957
 -2.65347957 -2.65585617 -2.683207   -2.683207   -2.683207   -2.683207
 -2.683207   -2.683207   -2.683207   -2.683207   -2.683207   -2.683207
 -2.683207   -2.683207   -2.683207   -2.683207   -2.683207   -2.68855833
 -2.69168426 -2.69168426 -2.69700286 -2.69700286 -2.69700286 -2.69980103
 -2.69980103 -2.69980103 -2.69980103 -2.69980103 -2.69980103 -2.69980103
 -2.69980103 -2.69980103 -2.69980103 -2.69980103 -2.69980103 -2.69981253
 -2.69981253 -2.69981253 -2.69981253 -2.7003087  -2.7003087  -2.7003087
 -2.7003087  -2.7003087  -2.7003087  -2.70082372 -2.70082372 -2.70082372
 -2.70146452 -2.70146452 -2.70250744 -2.70250744 -2.70250744 -2.70282986
 -2.70282986 -2.7029147  -2.7029147  -2.7029147  -2.7029147  -2.7029147
 -2.7029147  -2.7029147  -2.7029147  -2.70294099 -2.70298711 -2.70298711
 -2.70351743 -2.70351743 -2.70355223 -2.70355223 -2.70355223 -2.70355223
 -2.70355223 -2.70355223 -2.70359661 -2.70359661 -2.70359661 -2.70359661
 -2.70359661 -2.70359661 -2.70359661 -2.70359661 -2.70359661 -2.70359661
 -2.70359661 -2.70359661 -2.70359661 -2.70359661 -2.70359661 -2.70359661
 -2.70359661 -2.70359661 -2.70359661 -2.70359661 -2.70359661 -2.70359661
 -2.70359661 -2.70359661 -2.70359661 -2.70359661 -2.70359661 -2.70359661
 -2.70359661 -2.70359661 -2.70359661 -2.70359661 -2.70359661 -2.70359661
 -2.70359661 -2.70359661 -2.70359661 -2.70359661 -2.70359661 -2.70359661
 -2.70359661 -2.70359661 -2.70359661 -2.70359661 -2.70359661 -2.70359661
 -2.70359661 -2.70359661 -2.70359661 -2.70359661 -2.70359661]
[-2.47829399 -2.47829399 -2.47829399 -2.55246893 -2.55246893 -2.55246893
 -2.55246893 -2.55246893 -2.55246893 -2.57323932 -2.57323932 -2.59257239
 -2.59583789 -2.59834972 -2.59834972 -2.63141446 -2.63141446 -2.64256445
 -2.64256445 -2.64256445 -2.64256445 -2.64256445 -2.64256445 -2.64256445
 -2.64256445 -2.64256445 -2.64256445 -2.64256445 -2.64256445 -2.64256445
 -2.64256445 -2.64698713 -2.64864135 -2.65975386 -2.65975386 -2.66634629
 -2.66634629 -2.66634629 -2.66634629 -2.67709239 -2.67709239 -2.67709239
 -2.67709239 -2.68194767 -2.68194767 -2.68447467 -2.6866103  -2.6866103
 -2.68890135 -2.68963176 -2.69195371 -2.69195371 -2.69791195 -2.69791195
 -2.69791195 -2.69791195 -2.69791195 -2.69791195 -2.7002751  -2.7002751
 -2.7002751  -2.70306896 -2.70306896 -2.70306896 -2.70306896 -2.70306896
 -2.70306896 -2.70306896 -2.70306896 -2.70306896 -2.70310378 -2.70310378
 -2.70494487 -2.70494487 -2.70494487 -2.70494487 -2.70494487 -2.70494487
 -2.70707392 -2.70707392 -2.70707392 -2.70707392 -2.70707392 -2.70707392
 -2.7071103  -2.70770503 -2.70770503 -2.70770503 -2.70889167 -2.70889167
 -2.70889167 -2.70889167 -2.70889167 -2.70889167 -2.70889167 -2.70889167
 -2.70889167 -2.70889167 -2.70889167 -2.70889167 -2.70889167]
