[ 248.0891753   354.99508596  278.09471601  385.00062667  491.90653733
  598.81244799  308.10025672  415.00616738  521.91207804  628.8179887
  735.72389936  842.62981002  551.91761875  658.82352941  765.72944007
  872.63535073  979.54126139 1086.44717205  795.73498078  902.64089144
 1009.5468021  1116.45271276 1223.35862342 1330.26453408 1039.55234281
 1146.45825347 1253.36416413 1360.27007479 1283.36970484 1390.2756155
  244.70588235  581.54798762  918.39009288 1255.23219814 1592.07430341
 1600.         1600.         1600.         1600.         1523.71517028
 1186.87306502  850.03095975  513.18885449  176.34674923    0.
    0.            0.            0.            0.        ]
[1.28788287e+03 1.03337450e+03 7.78866133e+02 5.24357767e+02
 2.69849401e+02 1.15078072e+03 8.96272353e+02 6.41763987e+02
 3.87255621e+02 1.26818694e+03 1.01367857e+03 7.59170207e+02
 5.04661841e+02 2.50153475e+02 1.38559316e+03 1.13108479e+03
 8.76576427e+02 6.22068061e+02 3.67559695e+02 1.24849101e+03
 9.93982647e+02 7.39474281e+02 4.84965915e+02 2.30457549e+02
 1.36589723e+03 1.11138887e+03 8.56880502e+02 6.02372135e+02
 3.47863769e+02 5.33333333e+02 8.00000000e+02 1.06666667e+03
 1.33333333e+03 1.60000000e+03 1.60000000e+03 1.60000000e+03
 1.60000000e+03 1.60000000e+03 1.60000000e+03 1.60000000e+03
 1.33333333e+03 1.06666667e+03 8.00000000e+02 5.33333333e+02
 2.66666667e+02 9.09494702e-13 0.00000000e+00 0.00000000e+00
 0.00000000e+00 0.00000000e+00 0.00000000e+00 0.00000000e+00
 2.66666667e+02]
[ 338.70561438  594.04408227  849.38255015 1104.72101803 1360.05948591
  217.12689648  472.46536436  727.80383225  983.14230013 1238.48076801
  350.88664646  606.22511434  861.56358222 1116.90205011 1372.24051799
  229.30792856  484.64639644  739.98486432  995.3233322  1250.66180009
  363.06767854  618.40614642  873.7446143  1129.08308218 1384.42155007
  241.48896063  496.82742851  752.1658964  1007.50436428 1262.84283216
  803.1372549  1069.80392157 1336.47058824 1600.         1600.
 1600.         1600.         1600.         1600.         1596.8627451
 1330.19607843 1063.52941176  796.8627451   530.19607843  263.52941176
    0.            0.            0.            0.            0.
    0.            3.1372549   269.80392157  536.47058824]
[1341.77199723 1092.63148887 1230.55877998 1368.48607109  843.49098051
  981.41827162 1119.34556273 1257.27285385 1395.20014496  594.35047215
  732.27776326  870.20505438 1008.13234549 1146.0596366  1283.98692772
  345.20996379  483.1372549   621.06454602  758.99183713  896.91912824
 1034.84641936  233.99674654  371.92403766  509.85132877  647.77861988
  785.705911    260.71082041  398.63811152  536.56540264  287.42489428
  941.17647059 1278.01857585 1600.         1600.         1600.
 1600.         1600.         1500.92879257 1164.08668731  827.24458204
  490.40247678  153.56037152    0.            0.            0.
    0.            0.          267.49226006  604.33436533]
[1282.84870956 1309.23736726 1335.62602495 1362.01468265 1088.45432378
 1114.84298147 1141.23163917 1167.62029686 1194.00895456  867.6712803
  894.05993799  920.44859569  946.83725338  973.22591108  673.27689451
  699.6655522   726.0542099   752.4428676   452.49385103  478.88250872
  505.27116642  531.65982411  558.04848181  258.09946524  284.48812294
  310.87678063  337.26543833   25.09803922  291.76470588  558.43137255
  825.09803922 1091.76470588 1358.43137255 1600.         1600.
 1600.         1600.         1600.         1600.         1574.90196078
 1308.23529412 1041.56862745  774.90196078  508.23529412  241.56862745
    0.            0.            0.            0.            0.
    0.        ]
