[1401.02543041  839.18438801  277.3433456  1405.49019608 1600.
 1600.         1600.         1600.         1600.         1261.17647059
  905.62091503  550.06535948  194.50980392    0.            0.
    0.            0.            0.          338.82352941  694.37908497
 1049.93464052]
[1150.02679657  872.04044097  941.17647059 1261.17647059 1581.17647059
 1600.         1600.         1600.         1600.         1600.
 1298.82352941  978.82352941  658.82352941  338.82352941   18.82352941
    0.            0.            0.            0.            0.
  301.17647059  621.17647059]
[ 345.99335812 1104.31372549  558.60225417 1316.92262154  382.74509804
  782.74509804 1182.74509804 1582.74509804 1600.         1600.
 1600.         1600.         1217.25490196  817.25490196  417.25490196
   17.25490196    0.            0.            0.            0.        ]
[ 372.52807943 1355.29411765  387.41541049 1370.18144871 1581.17647059
 1600.         1600.         1600.         1600.         1218.82352941
  818.82352941  418.82352941   18.82352941    0.            0.
    0.            0.          381.17647059  781.17647059 1181.17647059]
[ 370.0829848   690.19607843  899.64332359 1219.75641723 1179.60784314
 1579.60784314 1600.         1600.         1600.         1600.
 1220.39215686  820.39215686  420.39215686   20.39215686    0.
    0.            0.            0.          379.60784314  779.60784314]
