[1057.74903653  530.82598706    0.            0.          382.74509804
 1022.74509804 1600.         1600.         1600.         1217.25490196
  577.25490196    0.        ]
[ 425.54518439 1166.30413588    0.            0.            0.
  389.01960784 1029.01960784 1600.         1600.         1600.
 1210.98039216  570.98039216]
[ 435.2444538  1162.11048298    0.            0.          389.01960784
 1029.01960784 1600.         1600.         1600.         1210.98039216
  570.98039216    0.        ]
[ 432.90155806 1162.65259596    0.            0.            0.
  389.01960784 1029.01960784 1600.         1600.         1600.
 1210.98039216  570.98039216]
[1163.08056039  439.21568627    0.          389.01960784 1029.01960784
 1600.         1600.         1600.         1210.98039216  570.98039216
    0.            0.        ]
