[2.30239223 2.30117655 2.29753808 2.29695424 2.29305216 2.29305216
 2.29305216 2.29207715 2.27689122 2.27689122 2.27689122 2.27689122
 2.27689122 2.27492897 2.27250483 2.27250483 2.27250483 2.27250483
 2.27250483 2.26835565 2.26835565 2.26835565 2.26835565 2.26835565
 2.26835565 2.26835565 2.26835565 2.26835565 2.26631672 2.26631672
 2.26631672 2.26631672 2.26631672 2.26631672 2.26619275 2.26619275
 2.26619275 2.26619275 2.26619275 2.26619275 2.26591736 2.26591736
 2.26591736 2.26509745 2.26509745 2.26509745 2.26509745 2.26509745
 2.26509745 2.26509745 2.26509745 2.26509745 2.26509745 2.26509745
 2.26509745 2.26509745 2.26509745 2.26509745 2.26509745 2.26509745
 2.26509745 2.26433399 2.26433399 2.26433399 2.26433399 2.26433399
 2.26433399 2.26417688 2.26417688 2.26417688 2.26417688 2.26417688
 2.26417688 2.26417688 2.26417688 2.26353268 2.26353268 2.26353268
 2.26353268 2.26353268 2.26353268 2.26353268 2.26353268 2.26353268
 2.26353268 2.26353268 2.26353268 2.26353268 2.26353268 2.26353268
 2.26353268 2.26352938 2.26352938 2.26352938 2.26352938 2.26352938
 2.26352938 2.26352938 2.26352938 2.26352938 2.26352938 2.26352938
 2.26352938 2.26352938 2.26352938 2.26352938 2.26352938 2.26352938
 2.26352938 2.26352938 2.26352938 2.26352938 2.26352938 2.26352938
 2.26352938 2.26352938 2.26352938 2.26352938 2.26352938 2.26352938
 2.26352938 2.26352938 2.26352938 2.26352938 2.26352938 2.26352938
 2.26352938 2.26352938 2.26352938 2.26352938 2.26352938 2.26352938
 2.26352938 2.26352938 2.26352938 2.26352938 2.26352938 2.26352938
 2.26352938 2.26352938 2.26352938 2.26352938]
[2.29691381 2.29691381 2.29691381 2.28782267 2.28782267 2.28782267
 2.28725406 2.28725406 2.28725406 2.28364428 2.28364428 2.28241568
 2.27859543 2.27859543 2.27859543 2.27859543 2.27859543 2.27859543
 2.27859543 2.27794626 2.27555262 2.27555262 2.27480196 2.27303855
 2.27142236 2.27142236 2.27142236 2.27142236 2.26904913 2.26904913
 2.26880587 2.26880587 2.26811314 2.26811314 2.26714604 2.2658518
 2.2658518  2.2658518  2.2658518  2.2658518  2.2658518  2.2658518
 2.2658518  2.2658518  2.2658518  2.2658518  2.2658518  2.2658518
 2.2658518  2.2658518  2.2658518  2.2658518  2.2658518  2.2658378
 2.2658378  2.26515549 2.26515549 2.26515549 2.26515549 2.26515549
 2.26515549 2.26515549 2.26515549 2.26515549 2.26515549 2.26515549
 2.26515549 2.26515549 2.26484919 2.26484919 2.26484919 2.26484919
 2.26484919 2.26484919 2.26454554 2.26454554 2.26453249 2.26453249
 2.26453249 2.26453249 2.26453249 2.2642319  2.26321848 2.26321848
 2.26321848 2.26321848 2.26302948 2.26302948 2.26302948 2.26302948
 2.26302948 2.26302948 2.26285801 2.26285801 2.26285801 2.26270039
 2.26270039 2.26266063 2.26266063 2.26266063 2.26266063 2.26266063
 2.26266063 2.26266063 2.26261164 2.26261164 2.26261164 2.26261164
 2.26261164 2.26261164 2.26261164 2.26261164 2.26258599 2.26258599
 2.26258599 2.26258599 2.26258599 2.26257839 2.26257839 2.26257839
 2.26257839 2.26257839 2.26257839 2.26257839 2.26257839 2.26256951
 2.26256951 2.26256951 2.26256951 2.26256951 2.26256951 2.26256951
 2.26256951 2.26256951 2.26256951 2.26256951 2.26256951 2.26256951
 2.26256951 2.26256951 2.26256951 2.26256951 2.26256951 2.26256951
 2.26256951 2.26256951 2.26256951 2.26256951 2.26256951 2.26256951
 2.26256951 2.26256951 2.26256951 2.26256951 2.26256951 2.26256951
 2.26256951 2.26256951 2.26256951 2.26256951 2.26256951 2.26256951
 2.26256951 2.26256951 2.26256951 2.26256951 2.26256951 2.26256951
 2.26256951 2.26256951 2.26256951 2.26256951 2.26256951 2.26256951
 2.26256951 2.26256951]
[2.28918583 2.28918583 2.28151336 2.28151336 2.28151336 2.27243501
 2.27243501 2.27243501 2.27243501 2.27243501 2.27243501 2.27243501
 2.27243501 2.27167182 2.27167182 2.27041273 2.26958246 2.26958246
 2.26914864 2.26865569 2.26865569 2.26865569 2.26651019 2.26651019
 2.26539839 2.26539839 2.26539839 2.26539839 2.26539839 2.26539839
 2.26539839 2.26539839 2.26539839 2.26539839 2.26454398 2.26454398
 2.26454398 2.26454398 2.26454398 2.26454398 2.26454398 2.26454398
 2.26454398 2.26454398 2.26452375 2.26433824 2.26433824 2.26433824
 2.26258133 2.26258133 2.26258133 2.26254692 2.26254692 2.26254692
 2.26254692 2.26254692 2.2624842  2.2624842  2.2624842  2.2624842
 2.2624842  2.2624842  2.2624842  2.2624842  2.2624842  2.26248002
 2.26247544 2.26247544 2.26247544 2.26247544 2.26247544 2.26247544
 2.26242572 2.26241015 2.26241015 2.26241015 2.26241015 2.26241015
 2.26240497 2.26240497 2.26238526 2.26238526 2.26238526 2.26236937
 2.26236937 2.26236937 2.26236937 2.26235726 2.26235726 2.26235726
 2.26235726 2.26234706 2.26234706 2.26234706 2.26234706 2.26234706
 2.26234706 2.26234706 2.26234706 2.26234706 2.26234706 2.26234706
 2.26234706 2.26234706 2.26234706 2.26234706 2.26234706 2.26234152
 2.26234152 2.26234152 2.26234152 2.26234152 2.26234152 2.26234152
 2.26234152 2.26234152 2.26234152 2.26234101 2.26234101 2.26234101
 2.26234101 2.26234101 2.26234101 2.26234101 2.26234101 2.26234101
 2.26234101 2.26234101 2.26234101 2.26234101 2.26234101 2.26234101
 2.26234101 2.26234101 2.26234101 2.26234101 2.26234101 2.26234101
 2.26234101 2.26234101 2.26234101 2.26234101 2.26234101 2.26234101
 2.26234101 2.26234101 2.26234101 2.26234101 2.26234101 2.26234101
 2.26234101 2.26234101 2.26234101 2.26234101 2.26234101 2.26234101
 2.26234101 2.26234101]
[2.29834133 2.28383866 2.27859837 2.27859837 2.27859837 2.27859837
 2.27800985 2.27800985 2.27800985 2.26946633 2.26946633 2.26946633
 2.26946633 2.26946633 2.26855663 2.26855663 2.26855663 2.26855663
 2.26855663 2.26830244 2.26637756 2.26637756 2.26637756 2.26637756
 2.26522944 2.26522944 2.26520765 2.26520765 2.26520765 2.26479517
 2.26414701 2.26414701 2.26414701 2.26414701 2.26414701 2.26378126
 2.26378126 2.26378126 2.26340416 2.26340416 2.26340416 2.26340416
 2.26340416 2.26322785 2.26322785 2.26322785 2.26322785 2.26322785
 2.26320361 2.26294928 2.26294928 2.26294928 2.26294928 2.26283861
 2.26283861 2.26279621 2.26279621 2.26279621 2.26279621 2.26279621
 2.26279621 2.26279621 2.26279621 2.26279621 2.26274211 2.26274211
 2.26274211 2.26274211 2.26268419 2.26261868 2.26261868 2.26261868
 2.26261868 2.26261868 2.26261548 2.26245768 2.26245768 2.26245768
 2.26245768 2.26245768 2.26245768 2.26245768 2.26245768 2.26245768
 2.26245768 2.26245768 2.26245768 2.26245768 2.26245768 2.26245768
 2.26245768 2.26244143 2.26240375 2.26240375 2.26239188 2.26239188
 2.26238333 2.26236843 2.26236843 2.26236843 2.26236843 2.26236843
 2.26236843 2.26236843 2.26236843 2.26236843 2.26236843 2.26236843
 2.26236843 2.26236843 2.26236843 2.26236843 2.26236843 2.26236843
 2.26236843 2.26236843 2.26236843 2.26236843 2.26236843 2.26236843
 2.26236843 2.26236843 2.26236843 2.26236843 2.26236843 2.26236843
 2.26236843 2.26236843 2.26236843 2.26236843 2.26236843 2.26236843
 2.26236843 2.26236843 2.26236843 2.26236843 2.26236843 2.26236843
 2.26236843 2.26236843 2.26236843 2.26236843 2.26236843 2.26236843
 2.26236843 2.26236843 2.26236843 2.26236843]
[2.27646958 2.2719793  2.2719793  2.2719793  2.2719793  2.2719793
 2.2719793  2.26829623 2.26829623 2.26829623 2.26829623 2.26829623
 2.26827096 2.26827096 2.26827096 2.26827096 2.26827096 2.2675596
 2.2675596  2.2675596  2.2675596  2.26379252 2.26379252 2.26379252
 2.26379252 2.26379252 2.26379252 2.26379252 2.26379252 2.26379252
 2.26379252 2.26363729 2.26363729 2.26271046 2.26271046 2.26271046
 2.26271046 2.26271046 2.26271046 2.26271046 2.26271046 2.26271046
 2.26256979 2.26256979 2.26256979 2.26250096 2.26250096 2.26250096
 2.26246184 2.26246184 2.26246184 2.26246184 2.26246184 2.26246184
 2.26246184 2.26246184 2.26246184 2.26246177 2.26246177 2.26246177
 2.26245352 2.26245027 2.26245027 2.26242451 2.26242451 2.26242451
 2.26242451 2.26238052 2.26237599 2.26237599 2.26237599 2.26237599
 2.26237599 2.26237599 2.26237599 2.26237599 2.26237599 2.26237599
 2.26237599 2.26236429 2.26236429 2.26236429 2.26236429 2.26236429
 2.26236429 2.26236429 2.26236429 2.26236429 2.26236429 2.26236429
 2.26236429 2.26236429 2.26236429 2.26236429 2.26236429 2.26236429
 2.26236429 2.26234881 2.26234881 2.26234881 2.26234881 2.26234881
 2.26234881 2.26234881 2.26234881 2.26234881 2.26234881 2.26234881
 2.26234881 2.26234881 2.26234881 2.26234881 2.26234881 2.26234881
 2.26234881 2.26234881 2.26234881 2.26234881 2.26234881 2.26234881
 2.26234881 2.26234881 2.26234881 2.26234881 2.26234881 2.26234881
 2.26234881 2.26234881 2.26234881 2.26234881 2.26234881 2.26234881
 2.26234881 2.26234881 2.26234881 2.26234881 2.26234881 2.26234881
 2.26234881 2.26234881 2.26234881 2.26234881 2.26234577 2.26234577
 2.26234577 2.26234577 2.26234577 2.26234577 2.26234577 2.26234577
 2.26234577 2.26234577 2.26234577 2.26234577 2.26234577 2.26234577
 2.26234577 2.26234577 2.26234577 2.26234577 2.26234577 2.26234577
 2.26234214 2.26234214 2.26234214 2.26234214 2.26234214 2.26234214
 2.26234214 2.26234214 2.26234214 2.26234214 2.26234214 2.26234214
 2.26234214 2.26234214 2.26234214 2.26234214 2.26234214 2.26234214
 2.26234214 2.26234214 2.26234214 2.26234214 2.26234214 2.26234214
 2.26234214 2.26234214 2.26234214 2.26234214 2.26234214 2.26234214
 2.26234214 2.26234214 2.26234214 2.26234214 2.26234214 2.26234214
 2.26234214 2.26234214 2.26234214 2.26234201 2.26234201 2.26234201
 2.26234201 2.26234201 2.26234201 2.26234201 2.26234201 2.26234201
 2.26234201 2.26234201 2.26234201]
