[ 425.77431393 1095.34837212  796.8627451   498.37711808 1167.95117627
    0.           43.92156863  363.92156863  683.92156863 1003.92156863
 1323.92156863 1600.         1600.         1600.         1600.
 1600.         1556.07843137 1236.07843137  916.07843137  596.07843137
  276.07843137    0.            0.            0.            0.        ]
[1129.96363924  418.15687317  819.97130457 1221.78573597  509.97896991
    0.            0.            0.            0.            0.
   50.19607843  370.19607843  690.19607843 1010.19607843 1330.19607843
 1600.         1600.         1600.         1600.         1600.
 1549.80392157 1229.80392157  909.80392157  589.80392157  269.80392157]
[1181.72061065 1082.54177736  876.31860504  777.13977174  471.73776613
    0.           56.47058824  376.47058824  696.47058824 1016.47058824
 1336.47058824 1600.         1600.         1600.         1600.
 1600.         1543.52941176 1223.52941176  903.52941176  583.52941176
  263.52941176    0.            0.            0.            0.        ]
[1178.6594112   502.90921625  799.98408733 1097.05895841  421.30876346
    0.            0.           37.64705882  357.64705882  677.64705882
  997.64705882 1317.64705882 1600.         1600.         1600.
 1600.         1600.         1562.35294118 1242.35294118  922.35294118
  602.35294118  282.35294118    0.            0.            0.        ]
[ 427.87591059 1110.58823529  800.59960436  490.61097342 1173.32329812
    0.            0.            0.           50.19607843  370.19607843
  690.19607843 1010.19607843 1330.19607843 1600.         1600.
 1600.         1600.         1600.         1549.80392157 1229.80392157
  909.80392157  589.80392157  269.80392157    0.            0.        ]
