[2.10153656 2.10153656 2.09947159 2.09947159 2.09947159 2.09947159
 2.09929234 2.09521238 2.09521238 2.09521238 2.08805259 2.08805259
 2.08805259 2.08509572 2.08509572 2.08464519 2.08216282 2.08216282
 2.08154519 2.07855298 2.07855298 2.07855298 2.07855298 2.07855298
 2.07838379 2.07780358 2.07780358 2.07780358 2.0741274  2.0741274
 2.0741274  2.0741274  2.0741274  2.0741274  2.0741274  2.0741274
 2.0741274  2.0741274  2.0741274  2.0741274  2.0741274  2.0740751
 2.07391508 2.07391508 2.07391508 2.07343338 2.07343338 2.07343338
 2.07343338 2.07343338 2.07343338 2.07343338 2.07343338 2.07343338
 2.07343338 2.07343338 2.07234311 2.07234311 2.07234311 2.07234311
 2.07234311 2.07234311 2.07234311 2.07234311 2.07234311 2.07234311
 2.07234311 2.07234311 2.07234311 2.07234311 2.07234311 2.07228101
 2.07228101 2.07228101 2.07228101 2.07228101 2.07228101 2.07228101
 2.07228101 2.07228101 2.07228101 2.07228101 2.07228101 2.07228101
 2.07228101 2.07228101 2.07228101 2.07228101 2.07228101 2.07228101
 2.07228101 2.07228101 2.07228101 2.07228101 2.07228101 2.07228101
 2.07228101 2.07228101 2.07228101 2.07228101 2.07228101 2.07228101
 2.07228101 2.07228101 2.07228101 2.07228101 2.07228101 2.07228101
 2.07228101 2.07228101 2.07228101 2.07228101 2.07228101 2.07228101
 2.07228101 2.07228101 2.07228101 2.07228101 2.07228101 2.07228101
 2.07228101 2.07228101]
[2.11152564 2.11152564 2.11152564 2.11152564 2.11152564 2.11152564
 2.11152564 2.11152564 2.11152564 2.11152564 2.11152564 2.11152564
 2.11152564 2.09875297 2.09875297 2.09875297 2.09875297 2.09875297
 2.09875297 2.09461526 2.08595188 2.08595188 2.08595188 2.08496291
 2.08496291 2.08496291 2.08496291 2.08496291 2.08496291 2.08496291
 2.08496291 2.08393572 2.08393572 2.08393572 2.08393572 2.08393572
 2.08393572 2.08393572 2.08377604 2.08377604 2.08377604 2.08377604
 2.08377604 2.08377604 2.0837049  2.08350647 2.08350647 2.08350647
 2.08350647 2.08350647 2.08347652 2.08347652 2.08315502 2.08315502
 2.08315502 2.08315502 2.08315502 2.08315502 2.08315502 2.08315502
 2.08315502 2.08315502 2.08307347 2.08307347 2.08306765 2.08288652
 2.08288652 2.08288652 2.08288652 2.08288652 2.08288652 2.08288652
 2.08288652 2.08288652 2.08288652 2.08288652 2.08288652 2.08288652
 2.08288652 2.08288652 2.08288652 2.08288652 2.08288652 2.08288652
 2.08288652 2.08281516 2.08281516 2.08281516 2.08281516 2.08280561
 2.08280561 2.08280561 2.08280561 2.08280212 2.08280212 2.08280212
 2.08280212 2.08280212 2.08279841 2.08279841 2.08278793 2.08278793
 2.08278793 2.08278793 2.08278793 2.08278793 2.08278793 2.08278793
 2.08278793 2.08278793 2.08278793 2.08278793 2.08278793 2.08278793
 2.08278793 2.08278793 2.08278793 2.08278793 2.08278793 2.08278793
 2.08278793 2.08278793 2.08278793 2.08278793 2.08278793 2.08278793
 2.08278793 2.08278793 2.08278793 2.08278793 2.08278793 2.08278793
 2.08278793 2.08278793 2.08278793 2.08278793 2.08278793 2.08278793
 2.08278793 2.08278793 2.08278793 2.08278793 2.08278793 2.08278793
 2.08278793 2.08278793 2.08278793 2.08278793 2.08278793 2.08278793
 2.08278793]
[2.15458921 2.15458921 2.15458921 2.14999297 2.12173743 2.12173743
 2.12173743 2.10755602 2.10755602 2.10755602 2.10755602 2.10755602
 2.10755602 2.10470868 2.09658238 2.09658238 2.09658238 2.09658238
 2.09658238 2.09658238 2.09658238 2.09345562 2.09345562 2.09307276
 2.0914748  2.0914748  2.0914748  2.0914748  2.0914748  2.0914748
 2.08730306 2.08730306 2.08730306 2.08730306 2.08730306 2.08730306
 2.08348444 2.08348444 2.08348444 2.08348444 2.08348444 2.08343952
 2.08304421 2.07897482 2.07897482 2.07897482 2.07897482 2.07897482
 2.07897482 2.07897482 2.07897482 2.07897482 2.07897482 2.07897482
 2.07897482 2.07897482 2.07535478 2.07535478 2.07535478 2.07535478
 2.07535478 2.07535478 2.07535478 2.07475752 2.07475752 2.07475752
 2.07475752 2.07475752 2.07475752 2.07312716 2.07312716 2.06609407
 2.06609407 2.06609407 2.06609407 2.06609407 2.06609407 2.06609407
 2.06609407 2.06551543 2.06551543 2.06551543 2.06551543 2.06551543
 2.06551543 2.06551543 2.06551543 2.06551543 2.06551543 2.06551543
 2.06551543 2.06551543 2.06551543 2.06551543 2.06551543 2.06551543
 2.06517248 2.06517248 2.06517248 2.06517248 2.06495428 2.06495428
 2.06495428 2.06495428 2.06495428 2.06495428 2.06495428 2.06495428
 2.06484248 2.06484248 2.06484248 2.06484248 2.06484248 2.06484248
 2.06484248 2.06484248 2.06484248 2.06484248 2.06484248 2.06484248
 2.06484248 2.06484248 2.06484248 2.06484248 2.06484248 2.06484248
 2.06471796 2.06471796 2.06471796 2.06471796 2.06471796 2.06471796
 2.06471796 2.06471796 2.06471796 2.06471796 2.06471796 2.06470025
 2.06470025 2.06470025 2.06470025 2.06470025 2.06470025 2.06470025
 2.06470025 2.06470025 2.06470025 2.06470025 2.06470025 2.06470025
 2.06470025 2.06470025 2.06470025 2.06470025 2.06470025 2.06470025
 2.06470025 2.06470025 2.06470025 2.06470025 2.06470025 2.06470025
 2.06470025 2.06470025 2.06470025 2.06470025 2.06470025 2.06470025
 2.06470025 2.06470025 2.06470025 2.06470025 2.06470025 2.06470025
 2.06470025 2.06470025 2.06470025 2.06470025 2.06470025 2.06470025
 2.06470025 2.06470025 2.06470025 2.06470025 2.06470025 2.06470025
 2.06470025 2.06470025]
[2.15733759 2.1387357  2.1387357  2.12719631 2.12719631 2.12719631
 2.10413028 2.10413028 2.09825356 2.09825356 2.09494849 2.09494849
 2.09494849 2.09494849 2.09221854 2.09221854 2.09221854 2.08673941
 2.08673941 2.08673941 2.08673941 2.08673941 2.08673941 2.08673941
 2.08673941 2.08673941 2.08673941 2.08673941 2.08673941 2.08470879
 2.08470879 2.08470879 2.08470879 2.08470879 2.08407664 2.08357744
 2.08357744 2.08357744 2.08160082 2.08160082 2.08160082 2.08160082
 2.08160082 2.08160082 2.08160082 2.07724556 2.07724556 2.07724556
 2.07724556 2.07724556 2.07724556 2.07724556 2.07724556 2.07724556
 2.07724556 2.07454168 2.06450408 2.06450408 2.06450408 2.06450408
 2.06450408 2.06434207 2.06434207 2.06434207 2.06434207 2.06434207
 2.06434207 2.06434207 2.06434207 2.06434207 2.06434207 2.06424282
 2.06424282 2.06420857 2.06415057 2.06415057 2.06410921 2.06410921
 2.06410921 2.06410921 2.06410921 2.06410921 2.06410921 2.06410921
 2.06410921 2.06410921 2.06406794 2.06406794 2.06401715 2.06401715
 2.06377444 2.06377444 2.06377444 2.06377444 2.06377444 2.06377444
 2.06377444 2.06377444 2.06377444 2.06377444 2.06365492 2.06365492
 2.06365492 2.06365492 2.06364294 2.06364294 2.06364294 2.06364294
 2.06364294 2.06364294 2.06362159 2.06360097 2.06358595 2.06358595
 2.06357814 2.06357814 2.06357814 2.06357814 2.06357814 2.06357814
 2.06357814 2.06357814 2.06357814 2.06357814 2.06357814 2.06357814
 2.06357814 2.06357814 2.06357814 2.06357814 2.06354283 2.06354283
 2.06354283 2.06354283 2.06354283 2.06354283 2.06352911 2.06352911
 2.06352911 2.06352911 2.06352911 2.06352911 2.06352911 2.06352911
 2.06352911 2.06352911 2.06352911 2.06352911 2.06352911 2.06352911
 2.06351429 2.06351429 2.06351429 2.06351429 2.06351429 2.06351429
 2.06351429 2.06351429 2.06351429 2.06351429 2.06351429 2.06351429
 2.06351429 2.06351429 2.06351429 2.06351429 2.06351429 2.06351429
 2.06351429 2.06351429 2.06351429 2.06351429 2.06351429 2.06351429
 2.06351429 2.06351429 2.06351429 2.06351429 2.06351429 2.06351429
 2.06351429 2.06351429 2.06351429 2.06351429 2.06351429 2.06351429
 2.06351429 2.06351429 2.06351429 2.06351429 2.06351429 2.06351429
 2.06351429 2.06351429 2.06351429 2.06351429 2.06351429 2.06351429
 2.06351429 2.06351429 2.06351429]
[2.12763514 2.12763514 2.10622376 2.10622376 2.10622376 2.10550462
 2.10105779 2.10105779 2.10039104 2.10039104 2.09481666 2.08060091
 2.08060091 2.08060091 2.08060091 2.08060091 2.08060091 2.08060091
 2.08060091 2.08060091 2.08060091 2.08060091 2.08060091 2.08060091
 2.08060091 2.08060091 2.08060091 2.08060091 2.08060091 2.08060091
 2.08060091 2.08060091 2.08060091 2.08060091 2.08060091 2.08060091
 2.08060091 2.08060091 2.08060091 2.08060091 2.08060091 2.08060091
 2.08060091 2.08060091 2.08060091 2.08060091 2.07070286 2.07070286
 2.07070286 2.07070286 2.07070286 2.07070286 2.06985218 2.06985218
 2.06985218 2.06985218 2.06985218 2.06985218 2.06985218 2.06985218
 2.06985218 2.06985218 2.06985218 2.06985218 2.06985218 2.06985218
 2.06985218 2.06985218 2.06946397 2.06930028 2.06930028 2.06930028
 2.06930028 2.06802427 2.06802427 2.06802427 2.06802427 2.06802427
 2.06802427 2.06802427 2.06669694 2.06669694 2.06669694 2.06669694
 2.06669694 2.0661042  2.0661042  2.06582807 2.06582807 2.06582807
 2.06555655 2.06555655 2.06551183 2.06551183 2.06551183 2.06551183
 2.06551183 2.06551183 2.06551183 2.06532866 2.06532866 2.06532866
 2.06479685 2.06479685 2.06479685 2.06479685 2.06479685 2.06479685
 2.06479685 2.06479685 2.06479685 2.06479685 2.06479685 2.06479685
 2.06479685 2.06479685 2.06479685 2.06479685 2.06479685 2.06479685
 2.06479685 2.06479685 2.06479685 2.06479685 2.06479685 2.06471539
 2.06471539 2.06466831 2.06466831 2.06466831 2.06466831 2.06466831
 2.06466831 2.06466831 2.06466831 2.06466831 2.06466831 2.06466831
 2.06466831 2.06466831 2.06466831 2.06466831 2.06466831 2.06465905
 2.06465905 2.06465905 2.06465905 2.06465905 2.06465905 2.06465905
 2.06465905 2.06465905 2.06465905 2.06465905 2.06465905 2.06465905
 2.06465905 2.06465905 2.06465905 2.06465905 2.06465905 2.06465905
 2.06465905 2.06465905 2.06465905 2.06465905 2.06465905 2.06465905
 2.06465905 2.06465905 2.06465905 2.06465905 2.06465905 2.06465905
 2.06465905 2.06465905 2.06465905 2.06465905 2.06465905 2.06465905
 2.06465905 2.06465905 2.06465905 2.06465905 2.06465905 2.06465905
 2.06465905 2.06465905 2.06465905 2.06465905 2.06465905 2.06465905
 2.06465905 2.06465905]
