[-4.21531381 -4.21531381 -4.21531381 -4.21531381 -4.21531381 -4.22232099
 -4.71673098 -4.71673098 -4.84361065 -4.84361065 -4.89000325 -5.18364552
 -5.18364552 -5.18364552 -5.28101489 -5.37117057 -5.37117057 -5.47745058
 -5.49161492 -5.49161492 -5.65280624 -5.65280624 -5.65280624 -5.65280624
 -5.65280624 -5.65280624 -5.65280624 -5.65338025 -5.71685999 -5.71685999
 -5.71685999 -5.7190355  -5.76011727 -5.76011727 -5.76011727 -5.76011727
 -5.76011727 -5.76011727 -5.76011727 -5.76011727 -5.76011727 -5.76011727
 -5.7817565  -5.7817565  -5.7817565  -5.7817565  -5.7817565  -5.7817565
 -5.7817565  -5.7817565  -5.7817565  -5.7817565  -5.7817565  -5.7817565
 -5.78673013 -5.79142691 -5.79142691 -5.79142691 -5.79142691 -5.79142691
 -5.79142691 -5.82637227 -5.82637227 -5.82637227 -5.82637227 -5.82637227
 -5.82830725 -5.82830725 -5.82830725 -5.82830725 -5.83546564 -5.85685974
 -5.85685974 -5.85685974 -5.85685974 -5.85685974 -5.85685974 -5.85685974
 -5.85685974 -5.85685974 -5.85685974 -5.85685974 -5.85685974 -5.85685974
 -5.85685974 -5.85685974 -5.85685974 -5.8741494  -5.8741494  -5.8741494
 -5.8741494  -5.8741494  -5.8741494  -5.8741494  -5.8741494  -5.87892881
 -5.87892881 -5.87892881 -5.87892881 -5.87892881 -5.87892881 -5.87892881
 -5.87892881 -5.87892881 -5.87892881 -5.87892881 -5.87892881 -5.87892881
 -5.89896528 -5.89896528 -5.89896528 -5.89896528 -5.89896528 -5.89896528
 -5.89896528 -5.89896528 -5.89896528 -5.89896528 -5.90946042 -5.90946042
 -5.90946042 -5.90946042 -5.90946042 -5.90946042 -5.90946042 -5.90946042
 -5.90946042 -5.90946042 -5.90946042 -5.90946042 -5.90946042 -5.90946042
 -5.90946042 -5.90946042 -5.90946042 -5.90946042 -5.90946042 -5.90946042
 -5.90946042 -5.90946042 -5.90946042 -5.90946042 -5.90946042 -5.91923807
 -5.91923807 -5.91923807 -5.91923807 -5.91923807 -5.91923807 -5.91923807
 -5.91923807 -5.91923807 -5.93254329 -5.93254329 -5.93254329 -5.93254329
 -5.93254329 -5.93254329 -5.93254329 -5.93254329 -5.93479472 -5.93479472
 -5.93479472 -5.93479472 -5.93479472 -5.93479472 -5.93479472 -5.93479472
 -5.93479472 -5.93479472 -5.93479472 -5.93479472 -5.93479472 -5.93479472
 -5.93479472 -5.93552234 -5.93552234 -5.93552234 -5.93775056 -5.93775056
 -5.93775056 -5.93775056 -5.93775056 -5.93775056 -5.93775056 -5.93775056
 -5.93775056 -5.93775056 -5.93775056 -5.93956996 -5.93956996 -5.93956996
 -5.93956996 -5.93956996 -5.93956996 -5.93956996 -5.93956996 -5.93956996
 -5.93956996 -5.93956996 -5.93956996 -5.93956996 -5.93956996 -5.93956996
 -5.93956996 -5.93956996 -5.93956996 -5.93956996 -5.93956996 -5.93956996
 -5.93956996 -5.93956996 -5.93956996 -5.93956996 -5.93956996 -5.93956996
 -5.93956996 -5.93956996 -5.93956996 -5.93956996 -5.93956996 -5.93956996
 -5.93956996 -5.93956996 -5.93956996 -5.93956996 -5.93956996 -5.93956996
 -5.93956996 -5.93956996 -5.93956996 -5.93956996 -5.93956996 -5.93956996
 -5.93956996 -5.93956996 -5.93956996 -5.93956996 -5.93956996 -5.93956996]
[-4.14374838 -4.14374838 -4.73923274 -4.73923274 -4.73923274 -4.73923274
 -4.73923274 -4.98633626 -5.38310776 -5.38310776 -5.38310776 -5.38310776
 -5.38310776 -5.38310776 -5.38310776 -5.38310776 -5.40194933 -5.40427181
 -5.47306128 -5.48964711 -5.48964711 -5.64719723 -5.64719723 -5.64719723
 -5.64719723 -5.69940886 -5.69940886 -5.69940886 -5.72555221 -5.72555221
 -5.72555221 -5.72555221 -5.82170838 -5.82170838 -5.90518193 -5.98284003
 -5.98284003 -5.98284003 -5.98284003 -5.98284003 -5.98284003 -5.98284003
 -5.98284003 -5.98284003 -6.09081786 -6.09081786 -6.09081786 -6.09081786
 -6.09081786 -6.14326383 -6.14326383 -6.17577664 -6.17577664 -6.17577664
 -6.17577664 -6.17577664 -6.17577664 -6.17577664 -6.17577664 -6.17577664
 -6.17577664 -6.17577664 -6.17577664 -6.17577664 -6.17577664 -6.17577664
 -6.17577664 -6.17577664 -6.17577664 -6.17833922 -6.17833922 -6.17833922
 -6.17833922 -6.17833922 -6.17833922 -6.17833922 -6.18333892 -6.18333892
 -6.18906923 -6.18906923 -6.18906923 -6.18906923 -6.18906923 -6.18906923
 -6.18906923 -6.18951476 -6.19804108 -6.19804108 -6.19804108 -6.19804108
 -6.19804108 -6.19804108 -6.19804108 -6.19804108 -6.19804108 -6.19804108
 -6.19804108 -6.19804108 -6.20133191 -6.20133191 -6.20133191 -6.21274244
 -6.21274244 -6.21274244 -6.21274244 -6.21274244 -6.21274244 -6.21274244
 -6.21900041 -6.21900041 -6.21900041 -6.21900041 -6.21900041 -6.21900041
 -6.21900041 -6.219707   -6.219707   -6.219707   -6.219707   -6.219707
 -6.219707   -6.219707   -6.22044327 -6.22044327 -6.22044327 -6.22044327
 -6.22044327 -6.22044327 -6.22717804 -6.22717804 -6.22717804 -6.22717804
 -6.22717804 -6.22717804 -6.22717804 -6.22717804 -6.22717804 -6.22717804
 -6.22717804 -6.22717804 -6.22717804 -6.22717804 -6.22717804 -6.22717804
 -6.22717804 -6.22717804 -6.22717804 -6.22717804 -6.22717804 -6.22717804
 -6.22717804 -6.22717804 -6.22717804 -6.22717804 -6.22717804 -6.22717804
 -6.22717804 -6.22717804 -6.22717804 -6.22717804 -6.22717804 -6.22717804
 -6.22717804 -6.22717804 -6.22717804 -6.22717804 -6.22717804 -6.22717804
 -6.22717804 -6.22717804 -6.23340401 -6.23340401 -6.23340401 -6.23340401
 -6.23340401 -6.23340401 -6.23340401 -6.23340401 -6.23340401 -6.23340401
 -6.23340401 -6.23340401 -6.23340401 -6.23340401 -6.23340401 -6.23340401
 -6.23340401 -6.23340401 -6.23340401 -6.23340401 -6.23340401 -6.23340401
 -6.23340401 -6.23340401 -6.23340401 -6.23340401 -6.23340401 -6.23340401
 -6.23340401 -6.23340401 -6.23340401 -6.23340401 -6.23340401 -6.23340401
 -6.23340401 -6.23340401 -6.23340401 -6.23340401 -6.23340401 -6.23340401
 -6.23340401 -6.23340401 -6.23340401 -6.23340401 -6.23340401 -6.23340401
 -6.23340401 -6.23340401 -6.23340401 -6.23340401 -6.23340401]
[-4.27427284 -4.27427284 -4.59173964 -4.59173964 -4.59173964 -4.97744598
 -4.97744598 -5.29736671 -5.29736671 -5.29736671 -5.46084837 -5.61552231
 -5.63739731 -5.91074371 -5.91074371 -5.91074371 -5.91074371 -5.91074371
 -5.91074371 -5.91074371 -5.91074371 -5.91074371 -5.91074371 -5.91074371
 -5.94391632 -5.95702131 -5.98667934 -6.07736096 -6.11385275 -6.11385275
 -6.11385275 -6.11385275 -6.11385275 -6.11869844 -6.11869844 -6.12864425
 -6.12864425 -6.12864425 -6.12864425 -6.12864425 -6.12864425 -6.12864425
 -6.12939887 -6.13836431 -6.14801597 -6.14801597 -6.14801597 -6.17770239
 -6.17770239 -6.17770239 -6.17770239 -6.17770239 -6.17770239 -6.17770239
 -6.22805702 -6.22805702 -6.22805702 -6.22805702 -6.23020771 -6.23020771
 -6.23020771 -6.23020771 -6.23020771 -6.23020771 -6.23020771 -6.23020771
 -6.23020771 -6.23020771 -6.23020771 -6.23378779 -6.23378779 -6.24200287
 -6.24200287 -6.24200287 -6.24200287 -6.24200287 -6.24200287 -6.24200287
 -6.24200287 -6.24267338 -6.24267338 -6.24267338 -6.24267338 -6.24746322
 -6.24746322 -6.24746322 -6.24746322 -6.2710148  -6.2710148  -6.2710148
 -6.2710148  -6.2710148  -6.2710148  -6.2710148  -6.2710148  -6.2710148
 -6.2710148  -6.2710148  -6.2710148  -6.2710148  -6.2710148  -6.2710148
 -6.2710148  -6.27768751 -6.28066575 -6.28066575 -6.28156114 -6.28156114
 -6.28156114 -6.28156114 -6.28156114 -6.28156114 -6.28822327 -6.28822327
 -6.28822327 -6.28822327 -6.28822327 -6.28822327 -6.28822327 -6.28822327
 -6.29072685 -6.29072685 -6.29072685 -6.29072685 -6.29364171 -6.29364171
 -6.29364171 -6.29364171 -6.29364171 -6.29364171 -6.29809268 -6.29809268
 -6.29809268 -6.29809268 -6.29809268 -6.29809268 -6.29809268 -6.29809268
 -6.29809268 -6.29809268 -6.29809268 -6.2981473  -6.2981473  -6.2981473
 -6.2981473  -6.2981473  -6.29889515 -6.29889515 -6.29889515 -6.29889515
 -6.30622878 -6.30622878 -6.30622878 -6.30622878 -6.30622878 -6.30622878
 -6.30622878 -6.30622878 -6.30622878 -6.30622878 -6.30622878 -6.30622878
 -6.30622878 -6.30622878 -6.30622878 -6.30622878 -6.30622878 -6.30622878
 -6.30622878 -6.30622878 -6.30622878 -6.30622878 -6.30622878 -6.30622878
 -6.30622878 -6.30622878 -6.30622878 -6.30622878 -6.30622878 -6.30622878
 -6.30622878 -6.30622878 -6.30622878 -6.30622878 -6.30622878 -6.30622878
 -6.30622878 -6.30622878 -6.30622878 -6.30622878 -6.30622878 -6.30622878
 -6.30622878 -6.30622878 -6.30622878 -6.30622878 -6.30622878 -6.30622878
 -6.30622878 -6.30622878 -6.30622878]
[-3.71138835 -3.71138835 -3.71138835 -3.71138835 -3.83728562 -4.77828334
 -4.77828334 -4.77828334 -4.77828334 -5.20046607 -5.20046607 -5.20046607
 -5.20046607 -5.29277072 -5.29277072 -5.33741622 -5.33741622 -5.54047218
 -5.61792029 -5.61792029 -5.61792029 -5.61792029 -5.66574371 -5.66574371
 -5.66574371 -5.66574371 -5.68919122 -5.69237468 -5.70818894 -5.70818894
 -5.70818894 -5.76489092 -5.76489092 -5.76493497 -5.76493497 -5.76493497
 -5.76493497 -5.87504072 -5.87504072 -5.87504072 -5.87504072 -5.87504072
 -5.87504072 -5.87504072 -5.87504072 -5.87504072 -5.87504072 -5.87504072
 -5.87504072 -5.87504072 -5.87504072 -5.87504072 -5.87504072 -5.87504072
 -5.87893802 -5.87893802 -5.88648418 -5.88648418 -5.88648418 -5.88648418
 -5.88648418 -5.88648418 -5.88648418 -5.89146671 -5.90858814 -5.91341074
 -5.91341074 -5.91341074 -5.91341074 -5.91341074 -5.91791441 -5.91791441
 -5.91791441 -5.92135627 -5.92135627 -5.92789507 -5.92789507 -5.92789507
 -5.92966056 -5.92966056 -5.93101357 -5.93101357 -5.93101357 -5.93101357
 -5.93421745 -5.93421745 -5.93421745 -5.93421745 -5.93421745 -5.93421745
 -5.93421745 -5.93421745 -5.93421745 -5.93421745 -5.93421745 -5.93421745
 -5.93482365 -5.93482365 -5.93482365 -5.93482365 -5.93482365 -5.93482365
 -5.93529967 -5.93529967 -5.93529967 -5.93529967 -5.93695405 -5.93788272
 -5.93929123 -5.93929123 -5.93929123 -5.93929123 -5.93929123 -5.93929123
 -5.94228158 -5.94228158 -5.94426197 -5.94747794 -5.94747794 -5.94747794
 -5.94747794 -5.94747794 -5.94747794 -5.94747794 -5.94747794 -5.94747794
 -5.94833775 -5.94833775 -5.94833775 -5.95287129 -5.95287129 -5.95497847
 -5.95497847 -5.95497847 -5.95497847 -5.95497847 -5.95497847 -5.95497847
 -5.95497847 -5.95497847 -5.95497847 -5.95497847 -5.95497847 -5.95500428
 -5.95500428 -5.95500428 -5.95500428 -5.95500428 -5.955618   -5.955618
 -5.955618   -5.95657166 -5.95657166 -5.95657166 -5.95657166 -5.95657166
 -5.95657166 -5.95657166 -5.95657166 -5.95657166 -5.95657166 -5.95657166
 -5.95657166 -5.95657166 -5.95657166 -5.95657166 -5.95657166 -5.95657166
 -5.95657166 -5.95657166 -5.95657166 -5.95657166 -5.95657166 -5.95657166
 -5.95657166 -5.95657166 -5.95657166 -5.95657166 -5.95657166 -5.95657166
 -5.95657166 -5.95657166 -5.95657166 -5.95657166 -5.95657166 -5.95657166
 -5.95657166 -5.95657166 -5.95657166 -5.95657166 -5.95657166 -5.95657166
 -5.95657166 -5.95657166 -5.95657166 -5.95657166 -5.95731903 -5.95731903
 -5.95731903 -5.95731903 -5.95731903 -5.95731903 -5.95731903 -5.95731903
 -5.95731903 -5.95731903 -5.95731903 -5.95731903 -5.95731903 -5.95731903
 -5.95731903 -5.95731903 -5.95731903 -5.95731903 -5.95731903 -5.95731903
 -5.95731903 -5.95731903 -5.95731903 -5.95731903 -5.95731903 -5.95731903
 -5.95731903 -5.95731903 -5.95731903 -5.95731903 -5.95731903 -5.95731903
 -5.95731903 -5.95731903 -5.95731903 -5.95731903 -5.95731903 -5.95731903
 -5.95731903 -5.95731903 -5.95731903 -5.95731903 -5.95731903 -5.95731903
 -5.95731903 -5.95731903 -5.95731903 -5.95731903 -5.95731903 -5.95731903
 -5.95731903]
[-3.369514   -4.03130903 -4.03130903 -4.03130903 -4.63729875 -4.63729875
 -4.63729875 -4.86767739 -5.02320464 -5.08006683 -5.19197818 -5.19197818
 -5.28468662 -5.28468662 -5.35475571 -5.39538504 -5.509372   -5.509372
 -5.509372   -5.509372   -5.55209164 -5.55209164 -5.55209164 -5.59166931
 -5.67435736 -5.67435736 -5.67435736 -5.67435736 -5.6880335  -5.6880335
 -5.73407983 -5.73407983 -5.73407983 -5.73407983 -5.77448823 -5.77448823
 -5.80059547 -5.80059547 -5.80059547 -5.80059547 -5.80059547 -5.90908715
 -5.90908715 -5.90908715 -5.90908715 -5.90908715 -5.90908715 -5.90908715
 -5.90908715 -5.90908715 -5.90908715 -5.90908715 -5.90908715 -5.90908715
 -5.90908715 -5.90908715 -5.90908715 -5.90908715 -5.90944841 -5.90944841
 -5.90944841 -5.90944841 -5.95645258 -5.95645258 -5.95645258 -5.95645258
 -5.95645258 -5.95645258 -5.95645258 -5.95645258 -5.95645258 -5.95645258
 -5.95645258 -5.95645258 -5.95821775 -5.95821775 -5.95821775 -5.95821775
 -5.95821775 -5.95821775 -5.96769144 -5.96769144 -5.96769144 -5.96769144
 -5.96769144 -6.0166375  -6.0166375  -6.0166375  -6.0166375  -6.0166375
 -6.0166375  -6.0166375  -6.0166375  -6.0166375  -6.0166375  -6.0166375
 -6.0166375  -6.0166375  -6.0166375  -6.0166375  -6.0166375 ]
