[-4.66506931 -4.67469811 -4.67469811 -4.77203673 -4.77203673 -4.79744738
 -4.79744738 -4.85555863 -4.85555863 -5.55598215 -5.55598215 -5.55598215
 -5.55598215 -5.7049655  -5.7049655  -5.7049655  -5.93088958 -5.93088958
 -5.93088958 -5.93088958 -5.93088958 -5.98527269 -5.98527269 -6.06795704
 -6.20397156 -6.20397156 -6.39634302 -6.39634302 -6.39634302 -6.39634302
 -6.39634302 -6.39634302 -6.39634302 -6.39634302 -6.39634302 -6.494681
 -6.494681   -6.494681   -6.494681   -6.494681   -6.494681   -6.494681
 -6.494681   -6.8573224  -6.8573224  -6.8573224  -6.90664134 -6.90664134
 -6.90664134 -6.95940629 -6.95940629 -6.96046991 -6.96046991 -6.96046991
 -6.9959357  -6.9959357  -7.04101384 -7.04101384 -7.04101384 -7.04101384
 -7.04101384 -7.04101384 -7.04101384 -7.05590256 -7.05590256 -7.05590256
 -7.05590256 -7.05590256 -7.05590256 -7.05590256 -7.05590256 -7.05590256
 -7.05590256 -7.05590256 -7.05679008 -7.05679008 -7.05679008 -7.05705673
 -7.05946174 -7.06500849 -7.07115469 -7.07115469 -7.07238626 -7.08266845
 -7.08266845 -7.08398197 -7.0845363  -7.0845363  -7.0845363  -7.0845363
 -7.0845363  -7.0845363  -7.0845363  -7.09138635 -7.09138635 -7.09268812
 -7.09268812 -7.10684185 -7.10684185 -7.10684185 -7.10684185 -7.10684185
 -7.10684185 -7.10736781 -7.10736781 -7.10736781 -7.1112699  -7.1112699
 -7.1112699  -7.1112699  -7.1112699  -7.11462498 -7.11462498 -7.11462498
 -7.11462498 -7.11462498 -7.11931904 -7.12216532 -7.12216532 -7.12216532
 -7.12216532 -7.12216532 -7.12216532 -7.12216532 -7.12216532 -7.12216532
 -7.12216532 -7.12216532 -7.12735464 -7.12735464 -7.12735464 -7.12735464
 -7.12735464 -7.12735464 -7.12735464 -7.12735464 -7.12735464 -7.12735464
 -7.12735464 -7.12735464 -7.12735464 -7.12735464 -7.12735464 -7.12735464
 -7.12735464 -7.12735464 -7.12735464 -7.12735464 -7.12735464 -7.12735464
 -7.12735464 -7.12735464 -7.12735464 -7.12735464 -7.12735464 -7.12735464
 -7.12735464 -7.12735464 -7.12735464 -7.12735464 -7.12735464 -7.12735464
 -7.12735464 -7.12735464 -7.12735464 -7.12735464 -7.12735464 -7.12735464
 -7.12735464 -7.12735464 -7.12735464 -7.12735464 -7.12735464 -7.12735464
 -7.12735464 -7.12735464 -7.12735464 -7.12735464 -7.12735464]
[-4.65675512 -4.65675512 -4.65675512 -5.01053511 -5.01053511 -5.01053511
 -5.01053511 -5.45573657 -5.95754669 -6.04291883 -6.04291883 -6.04291883
 -6.19703052 -6.19703052 -6.20856737 -6.20856737 -6.20856737 -6.36911899
 -6.36911899 -6.36911899 -6.36911899 -6.36911899 -6.36911899 -6.52084948
 -6.52084948 -6.52084948 -6.52084948 -6.52084948 -6.52084948 -6.52084948
 -6.52084948 -6.52084948 -6.52084948 -6.52084948 -6.52084948 -6.52084948
 -6.52084948 -6.52084948 -6.52084948 -6.52084948 -6.52084948 -6.5771917
 -6.5771917  -6.5771917  -6.5771917  -6.5771917  -6.5771917  -6.5771917
 -6.5771917  -6.61787854 -6.61787854 -6.61787854 -6.61787854 -6.61787854
 -6.61787854 -6.61787854 -6.61787854 -6.61787854 -6.61787854 -6.61787854
 -6.61787854 -6.69666564 -6.69666564 -6.69666564 -6.69666564 -6.69666564
 -6.69666564 -6.69666564 -6.69666564 -6.69666564 -6.69666564 -6.69666564
 -6.69666564 -6.69666564 -6.69666564 -6.69666564 -6.7230691  -6.7230691
 -6.7230691  -6.7230691  -6.7230691  -6.7230691  -6.7230691  -6.7230691
 -6.7230691  -6.7230691  -6.7230691  -6.7230691  -6.7230691  -6.7230691
 -6.75305263 -6.75305263 -6.75305263 -6.75305263 -6.75305263 -6.75305263
 -6.75305263 -6.75850138 -6.76333527 -6.77324401 -6.77324401 -6.77324401
 -6.77324401 -6.77324401 -6.77324401 -6.77324401 -6.7807987  -6.7807987
 -6.7807987  -6.79850804 -6.79850804 -6.8121813  -6.8121813  -6.83587664
 -6.83587664 -6.83587664 -6.83587664 -6.83587664 -6.83587664 -6.83587664
 -6.83587664 -6.83587664 -6.83587664 -6.83587664 -6.83587664 -6.83587664
 -6.83587664 -6.83587664 -6.87108269 -6.87108269 -6.87108269 -6.87108269
 -6.87108269 -6.87108269 -6.87108269 -6.87108269 -6.88201426 -6.88201426
 -6.88201426 -6.88201426 -6.88201426 -6.88201426 -6.91883862 -6.91883862
 -6.91883862 -6.91883862 -6.91883862 -6.91883862 -6.91883862 -6.94342564
 -6.94342564 -6.94342564 -6.9664925  -6.9664925  -6.9664925  -6.9664925
 -6.9664925  -6.9664925  -6.9664925  -6.9664925  -6.9664925  -6.96751961
 -6.97785798 -6.97785798 -6.98744634 -6.99581922 -6.99581922 -6.99581922
 -6.99581922 -6.99581922 -6.99581922 -6.99581922 -7.00299231 -7.00299231
 -7.00299231 -7.00299231 -7.00299231 -7.00299231 -7.00299231 -7.00299231
 -7.00299231 -7.0153498  -7.0153498  -7.0153498  -7.0153498  -7.0153498
 -7.0153498  -7.0153498  -7.0153498  -7.0153498  -7.0153498  -7.0153498
 -7.0153498  -7.0153498  -7.0153498  -7.0153498  -7.0153498  -7.0153498
 -7.0153498  -7.0153498  -7.0153498  -7.0153498  -7.0153498  -7.0153498
 -7.0153498  -7.0153498  -7.0153498  -7.0153498  -7.0153498  -7.0153498
 -7.0153498  -7.0153498  -7.0153498  -7.0153498  -7.0153498  -7.0153498
 -7.0153498  -7.0153498  -7.0153498  -7.0153498  -7.0153498  -7.0153498
 -7.0153498  -7.0153498  -7.0153498  -7.0153498  -7.0153498  -7.0153498
 -7.0153498  -7.0153498  -7.0153498  -7.0153498 ]
[-4.66065611 -4.66065611 -4.66065611 -4.66065611 -5.49026353 -5.49026353
 -5.49026353 -5.49026353 -5.77903006 -6.10263756 -6.10263756 -6.10263756
 -6.10263756 -6.10263756 -6.20764234 -6.20764234 -6.26749745 -6.26749745
 -6.26749745 -6.51559789 -6.51559789 -6.51559789 -6.52654491 -6.54323597
 -6.54323597 -6.68807143 -6.68807143 -6.80187382 -6.80187382 -6.80187382
 -6.89806767 -6.89806767 -6.89806767 -6.89806767 -6.89806767 -6.89806767
 -6.93302733 -6.93302733 -6.93302733 -6.93302733 -6.93302733 -6.94165238
 -6.94165238 -6.99556001 -6.99556001 -7.08809628 -7.08809628 -7.08809628
 -7.08809628 -7.08809628 -7.10957736 -7.10957736 -7.10957736 -7.10957736
 -7.10957736 -7.10957736 -7.10957736 -7.10957736 -7.10957736 -7.10957736
 -7.10957736 -7.10957736 -7.10957736 -7.10957736 -7.13361374 -7.13361374
 -7.13361374 -7.13361374 -7.16594651 -7.17151181 -7.17151181 -7.17151181
 -7.17151181 -7.19130828 -7.19130828 -7.20833771 -7.20833771 -7.20833771
 -7.20833771 -7.20833771 -7.2480226  -7.2480226  -7.2480226  -7.2480226
 -7.2480226  -7.2480226  -7.2480226  -7.2480226  -7.2480226  -7.2480226
 -7.2480226  -7.2480226  -7.2480226  -7.2480226  -7.2480226  -7.2480226
 -7.2480226  -7.2480226  -7.2480226  -7.2480226  -7.2480226  -7.2480226
 -7.25990676 -7.25990676 -7.28025432 -7.28025432 -7.28025432 -7.28025432
 -7.28025432 -7.28025432 -7.28025432 -7.28025432 -7.28025432 -7.28025432
 -7.28025432 -7.28025432 -7.28025432 -7.28025432 -7.28025432 -7.28025432
 -7.28025432 -7.28025432 -7.28025432 -7.28226023 -7.29164954 -7.29164954
 -7.29164954 -7.29164954 -7.29164954 -7.29164954 -7.29164954 -7.29164954
 -7.29164954 -7.29164954 -7.29164954 -7.29164954 -7.29164954 -7.29506032
 -7.29506032 -7.29506032 -7.29569683 -7.29569683 -7.29569683 -7.30111369
 -7.30111369 -7.30111369 -7.30111369 -7.30111369 -7.30111369 -7.30111369
 -7.30111369 -7.30579129 -7.30579129 -7.30579129 -7.30579129 -7.30579129
 -7.30579129 -7.30579129 -7.30579129 -7.30579129 -7.30579129 -7.30579129
 -7.30579129 -7.30579129 -7.30579129 -7.30579129 -7.30579129 -7.30579129
 -7.30579129 -7.30579129 -7.30579129 -7.30579129 -7.30579129 -7.30579129
 -7.30579129 -7.30579129 -7.30579129 -7.30579129 -7.30579129 -7.30579129
 -7.30579129 -7.30579129 -7.30579129 -7.30579129 -7.30579129 -7.30579129
 -7.30579129 -7.30579129 -7.30579129 -7.30579129 -7.30579129 -7.30579129
 -7.30579129 -7.30579129 -7.30579129 -7.30579129 -7.30579129 -7.30579129
 -7.30579129 -7.30579129 -7.30579129 -7.30579129]
[-5.04705078 -5.04705078 -5.04705078 -5.04705078 -5.04705078 -5.04705078
 -5.04705078 -5.04705078 -5.48316804 -5.64218176 -5.64218176 -5.64218176
 -6.10037176 -6.16499808 -6.16499808 -6.29465234 -6.29465234 -6.40770899
 -6.40770899 -6.40770899 -6.40770899 -6.43043745 -6.43043745 -6.43043745
 -6.43043745 -6.43043745 -6.43043745 -6.43043745 -6.43043745 -6.45069291
 -6.45069291 -6.45884286 -6.45923077 -6.60916868 -6.60916868 -6.60916868
 -6.60916868 -6.60916868 -6.60916868 -6.60916868 -6.60916868 -6.60916868
 -6.60916868 -6.60916868 -6.60916868 -6.60916868 -6.60916868 -6.60916868
 -6.60916868 -6.62826772 -6.62826772 -6.62826772 -6.62826772 -6.62826772
 -6.62826772 -6.62826772 -6.62826772 -6.62826772 -6.62826772 -6.62826772
 -6.62826772 -6.62826772 -6.62826772 -6.62826772 -6.62826772 -6.66515526
 -6.66515526 -6.66515526 -6.66515526 -6.66515526 -6.66515526 -6.66515526
 -6.70112995 -6.70112995 -6.70112995 -6.70112995 -6.70112995 -6.70112995
 -6.70112995 -6.70148898 -6.70148898 -6.70148898 -6.70148898 -6.70148898
 -6.70148898 -6.70148898 -6.71416204 -6.71416204 -6.71416204 -6.71416204
 -6.71416204 -6.71416204 -6.71416204 -6.71416204 -6.71838967 -6.71838967
 -6.71838967 -6.71838967 -6.71838967 -6.71838967 -6.7374089  -6.7374089
 -6.7374089  -6.7374089  -6.7374089  -6.7374089  -6.7374089  -6.7374089
 -6.7374089  -6.7374089  -6.74347339 -6.74711767 -6.74711767 -6.74711767
 -6.74711767 -6.74711767 -6.74711767 -6.74711767 -6.74711767 -6.74711767
 -6.74711767 -6.74711767 -6.74711767 -6.74711767 -6.74711767 -6.74711767
 -6.74711767 -6.74711767 -6.74711767 -6.74711767 -6.74711767 -6.74711767
 -6.74711767 -6.74711767 -6.74711767 -6.74711767 -6.74711767 -6.74711767
 -6.74711767 -6.74711767 -6.74711767 -6.74711767 -6.74711767 -6.74711767
 -6.76147778 -6.76147778 -6.76147778 -6.76147778 -6.76147778 -6.76147778
 -6.76147778 -6.76147778 -6.76147778 -6.76147778 -6.76147778 -6.76147778
 -6.76147778 -6.76147778 -6.76147778 -6.76147778 -6.76147778 -6.76147778
 -6.76147778 -6.76147778 -6.76147778 -6.76147778 -6.76147778 -6.76147778
 -6.76147778 -6.76147778 -6.76147778 -6.76147778 -6.76147778 -6.76147778
 -6.76147778 -6.76147778 -6.76147778 -6.76147778 -6.76147778 -6.76147778
 -6.76147778 -6.76147778 -6.76147778 -6.76147778 -6.76147778 -6.76147778
 -6.76147778 -6.76646269 -6.76646269 -6.76646269 -6.76646269 -6.76646269
 -6.76646269 -6.76646269 -6.76646269 -6.76646269 -6.76646269 -6.76646269
 -6.76646269 -6.76646269 -6.76646269 -6.76646269 -6.76646269 -6.76646269
 -6.76646269 -6.76646269 -6.76646269 -6.76646269 -6.76646269 -6.76646269
 -6.76646269 -6.76646269 -6.76646269 -6.76646269 -6.76646269 -6.76646269
 -6.76646269 -6.76646269 -6.76646269 -6.76646269 -6.76646269 -6.76646269
 -6.76646269 -6.76646269 -6.76646269 -6.76646269 -6.76646269 -6.76646269
 -6.76646269 -6.76646269 -6.76646269 -6.76646269 -6.77873505 -6.77873505
 -6.77873505 -6.77873505 -6.77873505 -6.77873505 -6.77873505 -6.77873505
 -6.77873505 -6.77873505 -6.77873505 -6.80362937 -6.80362937 -6.80362937
 -6.80362937 -6.80362937 -6.80362937 -6.80362937 -6.80362937 -6.80362937
 -6.80362937 -6.80362937 -6.80362937 -6.80362937 -6.80362937 -6.81747808
 -6.81747808 -6.81747808 -6.81747808 -6.81747808 -6.81747808 -6.81747808
 -6.83155288 -6.83155288 -6.83155288 -6.83155288 -6.83155288 -6.83155288
 -6.83155288 -6.83155288 -6.83155288 -6.83155288 -6.83155288 -6.83155288
 -6.83247276 -6.83247276 -6.83247276 -6.83247276 -6.83247276 -6.83247276
 -6.83247276 -6.83247276 -6.83247276 -6.83247276 -6.83247276 -6.83247276
 -6.83247276 -6.83247276 -6.83247276 -6.83247276 -6.83247276 -6.83247276
 -6.83247276 -6.83247276 -6.83247276 -6.83247276 -6.83247276 -6.83247276
 -6.83247276 -6.83247276 -6.83247276 -6.83247276 -6.83247276 -6.83247276
 -6.83247276 -6.83247276 -6.83247276 -6.83247276 -6.83247276 -6.83247276
 -6.83247276 -6.83247276 -6.83247276]
[-3.98574602 -3.98574602 -4.68707151 -4.68707151 -4.68707151 -4.78236275
 -5.15360033 -5.15360033 -5.15360033 -5.26773747 -5.74791824 -5.74791824
 -5.93101439 -5.93101439 -6.21759302 -6.21759302 -6.21759302 -6.21759302
 -6.21759302 -6.21759302 -6.23831855 -6.41525386 -6.41525386 -6.49694415
 -6.49694415 -6.49694415 -6.49694415 -6.49694415 -6.51546376 -6.51546376
 -6.51546376 -6.52936049 -6.52936049 -6.55484753 -6.55484753 -6.55584921
 -6.55584921 -6.60619497 -6.60619497 -6.60619497 -6.60619497 -6.71142195
 -6.71142195 -6.71142195 -6.71142195 -6.71142195 -6.71142195 -6.71429963
 -6.71429963 -6.71429963 -6.71429963 -6.71429963 -6.71429963 -6.72610408
 -6.72610408 -6.72610408 -6.74364411 -6.78704128 -6.78704128 -6.78704128
 -6.78704128 -6.78704128 -6.78704128 -6.78704128 -6.78704128 -6.78704128
 -6.78704128 -6.78704128 -6.78704128 -6.79037003 -6.79037003 -6.79037003
 -6.79557375 -6.79557375 -6.79557375 -6.79557375 -6.79557375 -6.79557375
 -6.89836632 -6.89836632 -6.89836632 -6.89836632 -6.89836632 -6.89836632
 -6.89836632 -6.89836632 -6.89836632 -6.89836632 -6.89836632 -6.89836632
 -6.89836632 -6.89836632 -6.89836632 -6.89836632 -6.89836632 -6.89836632
 -6.89836632 -6.89836632 -6.89836632 -6.89836632 -6.89836632 -6.89836632
 -6.89836632 -6.89836632 -6.89836632 -6.89836632 -6.89836632 -6.89836632
 -6.89836632 -6.89836632 -6.89836632 -6.89836632 -6.89836632 -6.89836632
 -6.89836632 -6.89836632 -6.89836632 -6.89836632 -6.89836632 -6.90592267
 -6.90592267 -6.90592267 -6.90592267 -6.90592267 -6.92360622 -6.92360622
 -6.92360622 -6.92360622 -6.92360622 -6.92360622 -6.92360622 -6.92360622
 -6.94122153 -6.94122153 -6.94122153 -6.94122153 -6.94122153 -6.94122153
 -6.94122153 -6.94122153 -6.94122153 -6.94122153 -6.94122153 -6.94122153
 -6.94122153 -6.94122153 -6.94122153 -6.94122153 -6.94122153 -6.94122153
 -6.94649753 -6.94649753 -6.94649753 -6.94649753 -6.94649753 -6.94649753
 -6.94649753 -6.94649753 -6.94649753 -6.94649753 -6.94649753 -6.94649753
 -6.94649753 -6.94649753 -6.94649753 -6.94649753 -6.94649753 -6.94649753
 -6.94649753 -6.94649753 -6.94649753 -6.94649753 -6.94649753 -6.94649753
 -6.94649753 -6.94649753 -6.94649753 -6.94649753 -6.94649753 -6.94649753
 -6.94649753 -6.94649753 -6.94649753 -6.94752111 -6.94752111 -6.95228818
 -6.95228818 -6.95228818 -6.95228818 -6.95228818 -6.95338833 -6.95338833
 -6.95338833 -6.95338833 -6.95338833 -6.95338833 -6.95338833 -6.95338833
 -6.95338833 -6.95338833 -6.95338833 -6.95338833 -6.95338833 -6.95338833
 -6.95338833 -6.95338833 -6.95338833 -6.95338833 -6.95338833 -6.95338833
 -6.95338833 -6.95338833 -6.95338833 -6.95338833 -6.95338833 -6.95338833
 -6.95338833 -6.95338833 -6.95338833 -6.95338833 -6.95338833 -6.95338833
 -6.95338833 -6.95338833 -6.95338833 -6.95338833 -6.95338833 -6.95338833
 -6.95338833 -6.95338833 -6.95338833 -6.95338833 -6.95338833 -6.95338833
 -6.95338833 -6.95338833 -6.95338833 -6.95338833 -6.95338833 -6.95338833
 -6.95338833]
