[ 474.11224985 1006.67206387  384.01303018  916.57284421  293.91381051
  826.47362454 1359.03343856  514.50980392  781.17647059 1047.84313725
 1314.50980392 1581.17647059 1600.         1600.         1600.
 1600.         1600.         1600.         1352.15686275 1085.49019608
  818.82352941  552.15686275  285.49019608   18.82352941    0.
    0.            0.            0.            0.            0.
  247.84313725]
[ 416.79471829  763.69147679 1110.58823529  265.22465064  612.12140914
  959.01816765 1305.91492615  307.45098039  627.45098039  947.45098039
 1267.45098039 1587.45098039 1600.         1600.         1600.
 1600.         1600.         1292.54901961  972.54901961  652.54901961
  332.54901961   12.54901961    0.            0.            0.
    0.            0.        ]
[ 382.38331296 1026.68804847  670.60876663 1314.91350215  314.5294848
  958.83422031  602.75493848 1247.05967399  890.98039216 1179.20584583
  934.90196078 1254.90196078 1574.90196078 1600.         1600.
 1600.         1600.         1600.         1305.09803922  985.09803922
  665.09803922  345.09803922   25.09803922    0.            0.
    0.            0.            0.          294.90196078  614.90196078]
[ 453.63996029  695.26802836  936.89609643  366.82616129 1178.52416451
  608.45422937  850.08229744 1091.71036551 1333.33843359 1323.92156863
 1590.58823529 1600.         1600.         1600.         1600.
 1600.         1600.         1342.74509804 1076.07843137  809.41176471
  542.74509804  276.07843137    9.41176471    0.            0.
    0.            0.            0.            0.          257.25490196
  523.92156863  790.58823529 1057.25490196]
[3.78200252e+02 6.22245986e+02 8.66291720e+02 1.11033745e+03
 1.35438319e+03 2.55107869e+02 4.99153603e+02 7.43199338e+02
 9.87245072e+02 1.23129081e+03 0.00000000e+00 2.66666667e+02
 5.33333333e+02 8.00000000e+02 1.06666667e+03 1.33333333e+03
 1.60000000e+03 1.60000000e+03 1.60000000e+03 1.60000000e+03
 1.60000000e+03 1.60000000e+03 1.60000000e+03 1.33333333e+03
 1.06666667e+03 8.00000000e+02 5.33333333e+02 2.66666667e+02
 9.09494702e-13 0.00000000e+00 0.00000000e+00 0.00000000e+00
 0.00000000e+00 0.00000000e+00]
