[ 982.512659    619.17245693  702.74509804 1342.74509804 1600.
 1600.         1537.25490196  897.25490196  257.25490196    0.
    0.           62.74509804]
[1010.64939369  595.0548524    69.01960784  709.01960784 1349.01960784
 1600.         1600.         1530.98039216  890.98039216  250.98039216
    0.            0.        ]
[ 999.43295593  606.98086757  709.01960784 1349.01960784 1600.
 1600.         1530.98039216  890.98039216  250.98039216    0.
    0.           69.01960784]
[ 997.12994149  605.26191019   69.01960784  709.01960784 1349.01960784
 1600.         1600.         1530.98039216  890.98039216  250.98039216
    0.            0.        ]
[ 608.95730834  997.64705882 1349.01960784 1600.         1600.
 1530.98039216  890.98039216  250.98039216    0.            0.
   69.01960784  709.01960784]
