[1154.20250403 1043.32774535  803.1372549   562.94676445  452.07200577
 1323.92156863 1600.         1600.         1600.         1600.
 1600.         1556.07843137 1236.07843137  916.07843137  596.07843137
  276.07843137    0.            0.            0.            0.
    0.           43.92156863  363.92156863  683.92156863 1003.92156863]
[ 975.26418783 1163.6444021   754.33499062  345.02557914  533.40579341
   50.19607843  370.19607843  690.19607843 1010.19607843 1330.19607843
 1600.         1600.         1600.         1600.         1600.
 1549.80392157 1229.80392157  909.80392157  589.80392157  269.80392157
    0.            0.            0.            0.            0.        ]
[ 451.44548929 1090.36615743  326.59372639  965.51439453  840.66263163
 1336.47058824 1600.         1600.         1600.         1600.
 1600.         1543.52941176 1223.52941176  903.52941176  583.52941176
  263.52941176    0.            0.            0.            0.
    0.           56.47058824  376.47058824  696.47058824 1016.47058824]
[ 413.03612149  590.88544714  801.18039421 1011.47534127 1189.32466692
  997.64705882 1317.64705882 1600.         1600.         1600.
 1600.         1600.         1562.35294118 1242.35294118  922.35294118
  602.35294118  282.35294118    0.            0.            0.
    0.            0.           37.64705882  357.64705882  677.64705882]
[1149.93073178  978.82352941  797.29635625  615.76918309  444.66198072
  690.19607843 1010.19607843 1330.19607843 1600.         1600.
 1600.         1600.         1600.         1549.80392157 1229.80392157
  909.80392157  589.80392157  269.80392157    0.            0.
    0.            0.            0.           50.19607843  370.19607843]
