[-3.32052932 -3.32052932 -3.32052932 -3.55613592 -3.71063026 -3.99098138
 -3.99098138 -4.38445189 -4.38445189 -4.38445189 -4.38445189 -4.38445189
 -4.38445189 -4.38445189 -4.38445189 -4.38445189 -4.38445189 -4.38445189
 -4.38445189 -4.38445189 -4.38445189 -4.46363288 -4.46363288 -4.46363288
 -4.46363288 -4.51716098 -4.51716098 -4.57324255 -4.57324255 -4.57324255
 -4.60291025 -4.60291025 -4.60291025 -4.60291025 -4.60682852 -4.60682852
 -4.61977272 -4.74140707 -4.88830944 -4.88830944 -4.88830944 -4.88830944
 -4.88830944 -4.911437   -4.911437   -4.911437   -4.911437   -4.911437
 -4.911437   -4.94345085 -4.94345085 -4.94345085 -4.94345085 -4.94345085
 -4.94345085 -4.9523243  -4.9523243  -4.9523243  -4.9523243  -4.9707067
 -4.9707067  -4.9707067  -4.9707067  -4.9707067  -4.9707067  -4.99680323
 -4.99680323 -4.99680323 -4.99680323 -4.99680323 -4.99680323 -4.99680323
 -4.99918777 -4.99918777 -4.99918777 -5.01316468 -5.01486183 -5.01486183
 -5.01486183 -5.01486183 -5.01486183 -5.01486183 -5.01492978 -5.01492978
 -5.01492978 -5.01492978 -5.01492978 -5.01492978 -5.02754674 -5.02754674
 -5.08664669 -5.08664669 -5.08664669 -5.08664669 -5.08664669 -5.08664669
 -5.08664669 -5.08664669 -5.08664669 -5.08664669 -5.08664669 -5.08664669
 -5.08664669 -5.08664669 -5.08664669 -5.08664669 -5.08664669 -5.08664669
 -5.08664669 -5.08664669 -5.08664669 -5.08664669 -5.08664669 -5.08664669
 -5.08785371 -5.08785371 -5.08785371 -5.09821106 -5.09821106 -5.09821106
 -5.09821106 -5.09821106 -5.11293862 -5.11293862 -5.11293862 -5.11293862
 -5.11293862 -5.11293862 -5.11293862 -5.11293862 -5.11293862 -5.11293862
 -5.11293862 -5.11293862 -5.11293862 -5.11294449 -5.11294449 -5.11294449
 -5.11294449 -5.11294449 -5.11294449 -5.11294449 -5.11294449 -5.11294449
 -5.11294449 -5.11294449 -5.11294449 -5.11294449 -5.11294449 -5.11294449
 -5.11294449 -5.11294449 -5.11294449 -5.11294449 -5.11294449 -5.11294449
 -5.11294449 -5.11294449 -5.11294449 -5.11294449 -5.11294449 -5.11294449
 -5.11294449 -5.11294449 -5.11294449 -5.11294449 -5.11294449 -5.11294449
 -5.11294449 -5.11294449 -5.11294449 -5.11294449 -5.11294449 -5.11294449
 -5.11294449 -5.11294449 -5.11294449 -5.11294449 -5.11294449 -5.11294449
 -5.11294449 -5.11294449 -5.11294449 -5.11294449 -5.11294449 -5.11294449]
[-3.52380778 -3.52380778 -3.52380778 -3.52380778 -3.52380778 -3.80952417
 -3.80952417 -3.85031274 -3.85031274 -3.95942793 -4.18167614 -4.18646477
 -4.18646477 -4.18646477 -4.18646477 -4.18646477 -4.30580317 -4.30580317
 -4.3860455  -4.3860455  -4.3860455  -4.3860455  -4.47193645 -4.47193645
 -4.47193645 -4.57592443 -4.57592443 -4.57592443 -4.57610217 -4.67666925
 -4.67666925 -4.67666925 -4.72889374 -4.76558197 -4.76558197 -4.76558197
 -4.76558197 -4.76558197 -4.76558197 -4.76558197 -4.76558197 -4.76558197
 -4.76558197 -4.76558197 -4.76558197 -4.76558197 -4.76558197 -4.76558197
 -4.76558197 -4.76558197 -4.76558197 -4.76558197 -4.822225   -4.822225
 -4.822225   -4.822225   -4.822225   -4.822225   -4.85476939 -4.86050428
 -4.86050428 -4.86050428 -4.88069994 -4.88069994 -4.88069994 -4.88069994
 -4.88069994 -4.88069994 -4.88069994 -4.88368586 -4.88368586 -4.88954523
 -4.88954523 -4.88954523 -4.89671525 -4.89671525 -4.89671525 -4.89671525
 -4.89671525 -4.89671525 -4.89671525 -4.89671525 -4.89856825 -4.89856825
 -4.90557484 -4.90557484 -4.90557484 -4.90592132 -4.90592132 -4.90592132
 -4.90592132 -4.90592132 -4.90592132 -4.90592132 -4.90592132 -4.90617763
 -4.90617763 -4.90617763 -4.90617763 -4.90617763 -4.90617763 -4.90794718
 -4.90794718 -4.90794718 -4.90794718 -4.90794718 -4.90794718 -4.90794718
 -4.90794718 -4.90794718 -4.90794718 -4.90794718 -4.90794718 -4.90794718
 -4.90794718 -4.90794718 -4.90794718 -4.90794718 -4.90794718 -4.90794718
 -4.90794718 -4.90794718 -4.90794718 -4.90794718 -4.90794718 -4.90794718
 -4.90794718 -4.90794718 -4.90794718 -4.90794718 -4.90794718 -4.90794718
 -4.90794718 -4.90794718 -4.90794718 -4.90794718 -4.90794718 -4.90794718
 -4.90794718 -4.90794718 -4.90794718 -4.90794718 -4.90794718 -4.90794718
 -4.90794718 -4.90794718 -4.90794718 -4.90794718 -4.90794718 -4.90794718
 -4.90794718 -4.90794718]
[-3.80204364 -3.80204364 -3.80204364 -3.80204364 -3.92571588 -3.92571588
 -3.92571588 -3.95537192 -3.95537192 -3.95537192 -4.09878864 -4.09878864
 -4.09878864 -4.15501547 -4.22933898 -4.41503386 -4.41503386 -4.41503386
 -4.41503386 -4.41503386 -4.41503386 -4.64722893 -4.64722893 -4.64722893
 -4.64722893 -4.64722893 -4.64722893 -4.64722893 -4.64722893 -4.64722893
 -4.64722893 -4.74328329 -4.74328329 -4.74328329 -4.74328329 -4.74328329
 -4.74328329 -4.74328329 -4.74328329 -4.74328329 -4.74328329 -4.74328329
 -4.74328329 -4.83359118 -4.83359118 -4.83359118 -4.89331098 -4.89331098
 -4.89331098 -4.89331098 -4.89331098 -4.89331098 -4.92885743 -4.92885743
 -4.93249381 -4.93249381 -4.93249381 -4.94581846 -4.94581846 -4.94581846
 -4.94581846 -4.94581846 -4.94581846 -4.94581846 -4.94632302 -4.94632302
 -4.94952907 -4.94952907 -4.95267118 -4.95267118 -4.95749093 -4.95964617
 -4.95964617 -4.95964617 -4.95964617 -4.95964617 -4.95964617 -4.96198504
 -4.96335681 -4.96579317 -4.96579317 -4.96579317 -4.96579317 -4.96579317
 -4.96579317 -4.96579317 -4.96579317 -4.96635196 -4.96635196 -4.96635196
 -4.96635196 -4.96635196 -4.96635196 -4.96635196 -4.96635196 -4.96635196
 -4.96635196 -4.96635196 -4.96635196 -4.96635196 -4.96635196 -4.96635196
 -4.96635196 -4.96635196 -4.96635196 -4.96635196 -4.96635196 -4.96635196
 -4.96635196 -4.96635196 -4.96635196 -4.96635196 -4.96635196 -4.96635196
 -4.96635196 -4.96635196 -4.96635196 -4.96635196 -4.96635196 -4.96635196
 -4.96635196 -4.96635196 -4.96635196 -4.96635196 -4.96635196 -4.96635196
 -4.96635196 -4.96635196 -4.96635196 -4.96635196 -4.96635196 -4.96635196
 -4.96635196 -4.96635196 -4.96635196 -4.96635196 -4.96635196 -4.96635196]
[-3.54759095 -3.54759095 -3.85882815 -3.85882815 -3.85882815 -3.85882815
 -4.30905021 -4.30905021 -4.30905021 -4.30905021 -4.30905021 -4.45372872
 -4.45372872 -4.45372872 -4.45372872 -4.45372872 -4.61914341 -4.61914341
 -4.7357821  -4.7357821  -4.7357821  -4.7357821  -4.7357821  -4.7357821
 -4.7357821  -4.7357821  -4.7357821  -4.87472362 -4.87472362 -4.87472362
 -4.87472362 -4.87472362 -4.87472362 -4.87472362 -4.9212479  -4.9212479
 -4.9212479  -4.9212479  -4.9212479  -4.97962074 -4.97962074 -4.97962074
 -5.00321431 -5.00321431 -5.00321431 -5.00321431 -5.00321431 -5.00321431
 -5.00321431 -5.00321431 -5.00321431 -5.00321431 -5.11952637 -5.11952637
 -5.11952637 -5.11952637 -5.11952637 -5.11952637 -5.11952637 -5.23034009
 -5.23034009 -5.23034009 -5.23034009 -5.23034009 -5.23034009 -5.23034009
 -5.23034009 -5.23034009 -5.23034009 -5.23034009 -5.23034009 -5.23034009
 -5.23034009 -5.2622992  -5.2622992  -5.27799666 -5.27799666 -5.27799666
 -5.28259564 -5.33315622 -5.33315622 -5.33315622 -5.33315622 -5.33315622
 -5.33315622 -5.33315622 -5.33315622 -5.33315622 -5.33315622 -5.33315622
 -5.33315622 -5.33315622 -5.33315622 -5.33315622 -5.33315622 -5.33315622
 -5.33315622 -5.34108536 -5.34108536 -5.34108536 -5.34233616 -5.36037518
 -5.36037518 -5.36037518 -5.36037518 -5.36037518 -5.36037518 -5.36637146
 -5.36637146 -5.36637146 -5.36637146 -5.36637146 -5.36637146 -5.36637146
 -5.36637146 -5.36637146 -5.36637146 -5.36637146 -5.36637146 -5.36637146
 -5.36637146 -5.36637146 -5.36637146 -5.36637146 -5.36893625 -5.36893625
 -5.36893625 -5.36893625 -5.36893625 -5.36893625 -5.36893625 -5.36893625
 -5.36893625 -5.36901795 -5.36901795 -5.36901795 -5.36901795 -5.36901795
 -5.36901795 -5.36901795 -5.36901795 -5.36901795 -5.36901795 -5.36901795
 -5.36901795 -5.36901795 -5.36901795 -5.36901795 -5.36901795 -5.36901795
 -5.36901795 -5.36901795 -5.36901795 -5.36901795 -5.36901795 -5.36901795
 -5.36901795 -5.36901795 -5.36901795 -5.36901795 -5.36901795 -5.36901795
 -5.36901795 -5.36901795 -5.36901795 -5.36901795 -5.36901795 -5.36901795
 -5.36901795 -5.36901795 -5.36901795 -5.36901795 -5.36901795 -5.36901795
 -5.36901795 -5.36901795 -5.36901795 -5.36901795 -5.36901795 -5.36901795
 -5.36901795 -5.36901795 -5.36901795 -5.36901795]
[-4.33420464 -4.33420464 -4.33420464 -4.33420464 -4.33420464 -4.33420464
 -4.33420464 -4.33420464 -4.33420464 -4.33420464 -4.33420464 -4.40496438
 -4.40496438 -4.40496438 -4.40496438 -4.40496438 -4.42720182 -4.50309071
 -4.50309071 -4.50309071 -4.50309071 -4.50309071 -4.50309071 -4.50309071
 -4.7603221  -4.7603221  -4.7603221  -4.7603221  -4.82250801 -4.82250801
 -4.82250801 -4.94225247 -4.94225247 -4.94225247 -4.94225247 -4.94670587
 -4.94670587 -4.94670587 -4.94670587 -4.94670587 -4.94670587 -4.94670587
 -4.94670587 -4.94670587 -4.94670587 -4.94670587 -4.94670587 -4.94670587
 -4.94670587 -4.94670587 -4.95213975 -4.95213975 -4.95213975 -4.98476489
 -4.98476489 -4.98476489 -4.98476489 -4.98476489 -4.98476489 -4.98476489
 -4.98476489 -4.98476489 -4.98476489 -4.98476489 -4.98476489 -4.98476489
 -4.99700265 -4.99700265 -4.99700265 -4.99700265 -4.99700265 -4.99700265
 -4.99700265 -4.99700265 -4.99700265 -4.99700265 -4.99700265 -4.99700265
 -4.99700265 -4.99700265 -4.99700265 -4.99700265 -4.99700265 -4.99700265
 -4.99700265 -4.99700265 -5.1293045  -5.1293045  -5.1293045  -5.1293045
 -5.1293045  -5.1293045  -5.1293045  -5.1293045  -5.1293045  -5.1293045
 -5.21523097 -5.21523097 -5.21523097 -5.21523097 -5.21523097 -5.21523097
 -5.21523097 -5.22617398 -5.22617398 -5.22617398 -5.22617398 -5.22617398
 -5.22617398 -5.22617398 -5.22617398 -5.22617398 -5.22617398 -5.22617398
 -5.22617398 -5.22617398 -5.39943914 -5.39943914 -5.39943914 -5.39943914
 -5.39943914 -5.39943914 -5.39943914 -5.4260232  -5.4260232  -5.4260232
 -5.4260232  -5.4260232  -5.4260232  -5.4260232  -5.4260232  -5.4260232
 -5.4260232  -5.43237369 -5.43237369 -5.43237369 -5.43237369 -5.43237369
 -5.43237369 -5.43237369 -5.43237369 -5.43237369 -5.43237369 -5.43237369
 -5.43237369 -5.43346693 -5.43346693 -5.43346693 -5.43346693 -5.43452118
 -5.43452118 -5.43452118 -5.43452118 -5.43452118 -5.43452118 -5.43452118
 -5.43452118 -5.43856975 -5.43856975 -5.43856975 -5.43856975 -5.43856975
 -5.43856975 -5.43856975 -5.43856975 -5.43856975 -5.43856975 -5.43856975
 -5.43856975 -5.43856975 -5.43856975 -5.43856975 -5.43856975 -5.43856975
 -5.43856975 -5.43856975 -5.43856975 -5.43856975 -5.43856975 -5.43856975
 -5.43856975 -5.43856975 -5.43856975 -5.43856975 -5.43856975 -5.43856975
 -5.43856975 -5.43856975 -5.43856975 -5.43856975 -5.43856975 -5.43856975
 -5.43856975 -5.43856975 -5.43856975 -5.43856975 -5.43856975 -5.43856975
 -5.43856975 -5.43856975 -5.43856975 -5.43856975 -5.43856975 -5.43856975
 -5.43856975 -5.43856975 -5.43856975 -5.43856975]
