[1321.56442594 1344.26719408 1271.95902226 1199.65085044 1127.34267861
 1055.03450679 1077.73727493 1005.4291031   933.12093128  860.81275946
  788.50458764  811.20735577  738.89918395  666.59101213  594.28284031
  521.97466848  544.67743662  472.3692648   400.06109297  327.75292115
  255.44474933  278.14751747 1066.66666667 1333.33333333 1600.
 1600.         1600.         1600.         1600.         1600.
 1600.         1333.33333333 1066.66666667  800.          533.33333333
  266.66666667    0.            0.            0.            0.
    0.            0.            0.          266.66666667  533.33333333
  800.        ]
[ 415.51836004  219.27022134  709.23824433  512.99010563  316.74196694
 1002.95812862  806.70998992  610.46185123  414.21371253  217.96557384
 1296.67801291 1100.42987421  904.18173552  707.93359682  511.68545813
  315.43731943 1394.1497585  1197.90161981 1001.65348111  805.40534242
  609.15720372 1295.3733654  1099.12522671  902.87708801 1392.845111
 1196.5969723   621.17647059  941.17647059 1261.17647059 1581.17647059
 1600.         1600.         1600.         1600.         1600.
 1298.82352941  978.82352941  658.82352941  338.82352941   18.82352941
    0.            0.            0.            0.            0.
  301.17647059]
[ 374.95501574  611.1215896   847.28816346 1083.45473732 1319.62131118
  351.82208474  587.9886586   824.15523246 1060.32180632 1296.48838018
  328.68915373  564.85572759  801.02230145 1037.18887531 1273.35544917
  305.55622273  541.72279659  777.88937045 1014.05594431 1250.22251817
  282.42329172  518.58986558  754.75643944  990.9230133  1227.08958716
  501.96078431  768.62745098 1035.29411765 1301.96078431 1568.62745098
 1600.         1600.         1600.         1600.         1600.
 1600.         1364.70588235 1098.03921569  831.37254902  564.70588235
  298.03921569   31.37254902    0.            0.            0.
    0.            0.            0.          235.29411765]
[ 217.35999102  270.51494684  323.66990266  390.40886485  443.56382067
  496.71877648  549.8737323   603.02868811  669.76765031  722.92260613
  776.07756194  829.23251776  882.38747357  949.12643577 1002.28139158
 1055.4363474  1108.59130322 1161.74625903 1228.48522123 1281.64017704
 1334.79513286 1387.95008867  627.45098039  947.45098039 1267.45098039
 1587.45098039 1600.         1600.         1600.         1600.
 1600.         1292.54901961  972.54901961  652.54901961  332.54901961
   12.54901961    0.            0.            0.            0.
    0.          307.45098039]
[ 413.75243547  211.23419475  633.29181749  430.77357676  228.25533603
 1055.34944023  852.8311995   650.31295877  447.79471804  245.27647731
 1274.88882224 1072.37058151  869.85234078  667.33410005  464.81585933
  262.2976186  1291.90996352 1089.39172279  886.87348207  684.35524134
 1308.93110481 1106.41286408  903.89462335 1325.95224609  307.45098039
  627.45098039  947.45098039 1267.45098039 1587.45098039 1600.
 1600.         1600.         1600.         1600.         1292.54901961
  972.54901961  652.54901961  332.54901961   12.54901961    0.
    0.            0.            0.            0.        ]
