[ 355.58058737  347.16451067  854.56717738  846.15110069 1353.5537674
 1345.13769071 1336.72161401    0.            0.            0.
    0.            0.          247.84313725  514.50980392  781.17647059
 1047.84313725 1314.50980392 1581.17647059 1600.         1600.
 1600.         1600.         1600.         1600.         1352.15686275
 1085.49019608  818.82352941  552.15686275  285.49019608   18.82352941
    0.        ]
[1094.1744793  1049.04802397 1003.92156863  408.35747369  363.23101835
  318.10456301  272.97810767    0.            0.            0.
    0.            0.          307.45098039  627.45098039  947.45098039
 1267.45098039 1587.45098039 1600.         1600.         1600.
 1600.         1600.         1292.54901961  972.54901961  652.54901961
  332.54901961   12.54901961]
[ 821.39306288 1295.59914445  803.6159254  1277.82200697  311.63270634
  785.83878791  293.85556886  768.06165043  276.07843137  258.30129389
    0.            0.            0.          294.90196078  614.90196078
  934.90196078 1254.90196078 1574.90196078 1600.         1600.
 1600.         1600.         1600.         1305.09803922  985.09803922
  665.09803922  345.09803922   25.09803922    0.            0.        ]
[ 400.3457154   433.29302084  466.24032628 1230.88397057  499.18763173
 1263.83127601 1296.77858145 1329.72588689 1362.67319233    0.
    0.          257.25490196  523.92156863  790.58823529 1057.25490196
 1323.92156863 1590.58823529 1600.         1600.         1600.
 1600.         1600.         1600.         1342.74509804 1076.07843137
  809.41176471  542.74509804  276.07843137    9.41176471    0.
    0.            0.            0.        ]
[1170.33443309 1211.30247876 1252.27052443 1293.23857011 1334.20661578
  245.99891188  286.96695756  327.93500323  368.9030489   409.87109457
    0.            0.            0.            0.            0.
    0.            0.          266.66666667  533.33333333  800.
 1066.66666667 1333.33333333 1600.         1600.         1600.
 1600.         1600.         1600.         1600.         1333.33333333
 1066.66666667  800.          533.33333333  266.66666667]
