[561.97544451 244.29299418   0.         257.25490196 523.92156863
 790.58823529 800.         800.         800.         542.74509804
 276.07843137   9.41176471   0.           0.        ]
[189.06694773 505.09803922 396.43985294   0.           0.
 362.12885154 800.         800.         666.44257703 209.29971989]
[548.39200055 316.8627451    0.           0.         260.39215686
 527.05882353 793.7254902  800.         800.         800.
 539.60784314 272.94117647   6.2745098    0.        ]
[320.96689139 312.71755941   0.           0.         112.94117647
 432.94117647 752.94117647 800.         800.         687.05882353
 367.05882353  47.05882353]
[245.99898774 564.18307531   0.           0.           0.
 257.25490196 523.92156863 790.58823529 800.         800.
 800.         542.74509804 276.07843137   9.41176471]
[555.08908102 563.88890221   0.           0.           0.
 257.25490196 523.92156863 790.58823529 800.         800.
 800.         542.74509804 276.07843137   9.41176471]
[563.89262836 549.01960784   0.         257.25490196 523.92156863
 790.58823529 800.         800.         800.         542.74509804
 276.07843137   9.41176471   0.           0.        ]
[331.34770948 564.29091558   0.           0.           0.
 257.25490196 523.92156863 790.58823529 800.         800.
 800.         542.74509804 276.07843137   9.41176471]
[236.35539298 532.46645987   0.           0.           0.
 257.25490196 523.92156863 790.58823529 800.         800.
 800.         542.74509804 276.07843137   9.41176471]
[402.20116462 407.21060009   0.         112.94117647 432.94117647
 752.94117647 800.         800.         687.05882353 367.05882353
  47.05882353   0.        ]
