[543.40334643 259.73390848 552.64925619 268.97981824 514.50980392
 781.17647059 800.         800.         800.         552.15686275
 285.49019608  18.82352941   0.           0.           0.
 247.84313725]
[519.9762775  570.87367091 251.68170714 302.57910056 592.94117647
 800.         800.         800.         527.05882353 207.05882353
   0.           0.           0.         272.94117647]
[491.15262323 247.39396824 790.58823529 800.         800.
 800.         542.74509804 276.07843137   9.41176471   0.
   0.           0.         257.25490196 523.92156863]
[272.94117647 272.94117647 608.91764706 608.91764706 197.64705882
 553.20261438 800.         800.         780.13071895 424.5751634
  69.01960784   0.           0.        ]
[248.98007797 509.13308057 295.47043114 555.62343374 514.50980392
 781.17647059 800.         800.         800.         552.15686275
 285.49019608  18.82352941   0.           0.           0.
 247.84313725]
[545.98841228 527.56745784 278.61182381 260.19086938 514.50980392
 781.17647059 800.         800.         800.         552.15686275
 285.49019608  18.82352941   0.           0.           0.
 247.84313725]
[252.77617264 292.51570944 504.34995979 544.08949659 250.98039216
 517.64705882 784.31372549 800.         800.         800.
 549.01960784 282.35294118  15.68627451   0.           0.
   0.        ]
[323.48501805 576.84528315 219.17528862 472.53555372 272.94117647
 592.94117647 800.         800.         800.         527.05882353
 207.05882353   0.           0.           0.        ]
[545.26731737 318.7433416  491.90739677 265.383421   250.98039216
 517.64705882 784.31372549 800.         800.         800.
 549.01960784 282.35294118  15.68627451   0.           0.
   0.        ]
[267.04180132 509.52428705 316.98778998 559.47027572 781.17647059
 800.         800.         800.         552.15686275 285.49019608
  18.82352941   0.           0.           0.         247.84313725
 514.50980392]
