[237.83746993 264.12331438 537.9351169  564.22096135   0.
   0.         247.84313725 514.50980392 781.17647059 800.
 800.         800.         552.15686275 285.49019608  18.82352941
   0.        ]
[475.20341838 235.75000881 507.2132571  267.75984754   0.
 112.94117647 432.94117647 752.94117647 800.         800.
 687.05882353 367.05882353  47.05882353   0.        ]
[233.99132106 256.57888683   0.         257.25490196 523.92156863
 790.58823529 800.         800.         800.         542.74509804
 276.07843137   9.41176471   0.           0.        ]
[294.90196078 614.90196078 290.76253091 610.76253091   0.
   0.         108.75816993 464.31372549 800.         800.
 800.         513.46405229 157.90849673]
[273.8456994  296.33702782 508.68755558 531.178884     0.
   0.         247.84313725 514.50980392 781.17647059 800.
 800.         800.         552.15686275 285.49019608  18.82352941
   0.        ]
[551.68213891 253.0183099  548.38790037 249.72407136   0.
   0.         247.84313725 514.50980392 781.17647059 800.
 800.         800.         552.15686275 285.49019608  18.82352941
   0.        ]
[264.56650324 520.57285622 297.64228114 553.64863412   0.
   0.           0.         250.98039216 517.64705882 784.31372549
 800.         800.         800.         549.01960784 282.35294118
  15.68627451]
[231.03070681 252.93477431 544.3988007  566.30286821   0.
   0.         112.94117647 432.94117647 752.94117647 800.
 800.         687.05882353 367.05882353  47.05882353]
[558.25548314 476.85942358 317.03531298 235.63925342   0.
   0.           0.         250.98039216 517.64705882 784.31372549
 800.         800.         800.         549.01960784 282.35294118
  15.68627451]
[235.75467929 286.70790426 478.06201728 529.01524225   0.
 247.84313725 514.50980392 781.17647059 800.         800.
 800.         552.15686275 285.49019608  18.82352941   0.
   0.        ]
