[434.02625444 220.02664067   0.         294.90196078 800.
 800.         505.09803922   0.        ]
[422.81947314 330.12170333   0.           0.         298.03921569
 800.         800.         501.96078431]
[230.0876906    0.           0.         370.19607843 770.19607843
 800.         800.         429.80392157  29.80392157]
[186.06731987   0.         347.33893557 800.         800.
 681.232493   224.08963585   0.        ]
[229.01960784   0.           0.         370.19607843 770.19607843
 800.         800.         429.80392157  29.80392157]
[227.06517212   0.           0.         370.19607843 770.19607843
 800.         800.         429.80392157  29.80392157]
[261.67614677 433.65589129   0.           0.         298.03921569
 800.         800.         501.96078431]
[234.34278497   0.           0.         370.19607843 770.19607843
 800.         800.         429.80392157  29.80392157]
[212.42977381 404.70588235   0.          31.37254902 564.70588235
 800.         768.62745098 235.29411765]
[237.81057824   0.           0.         370.19607843 770.19607843
 800.         800.         429.80392157  29.80392157]
