[542.95665145 483.57150949 790.58823529 800.         800.
 800.         542.74509804 276.07843137   9.41176471   0.
   0.           0.         257.25490196 523.92156863]
[490.25448456 611.76470588 262.7772438  247.84313725 704.9859944
 800.         780.72829132 323.58543417   0.           0.        ]
[544.75604525 451.76470588 527.05882353 793.7254902  800.
 800.         800.         539.60784314 272.94117647   6.2745098
   0.           0.           0.         260.39215686]
[583.39018752 315.63880561 272.94117647 592.94117647 800.
 800.         800.         527.05882353 207.05882353   0.
   0.           0.        ]
[484.62548627 538.03916414 257.25490196 523.92156863 790.58823529
 800.         800.         800.         542.74509804 276.07843137
   9.41176471   0.           0.           0.        ]
[302.77164838 540.75418174 257.25490196 523.92156863 790.58823529
 800.         800.         800.         542.74509804 276.07843137
   9.41176471   0.           0.           0.        ]
[539.17944936 298.03921569 790.58823529 800.         800.
 800.         542.74509804 276.07843137   9.41176471   0.
   0.           0.         257.25490196 523.92156863]
[441.48269776 533.37962631 257.25490196 523.92156863 790.58823529
 800.         800.         800.         542.74509804 276.07843137
   9.41176471   0.           0.           0.        ]
[260.11991856 315.7548472  257.25490196 523.92156863 790.58823529
 800.         800.         800.         542.74509804 276.07843137
   9.41176471   0.           0.           0.        ]
[262.90981086 533.95293423 592.94117647 800.         800.
 800.         527.05882353 207.05882353   0.           0.
   0.         272.94117647]
