[-1.01824066 -1.01824066 -1.28069019 -1.28069019 -1.31463382 -1.33994369
 -1.53678879 -1.53678879 -1.63738904 -1.63738904 -1.63738904 -1.63738904
 -1.63738904 -1.63738904 -1.63738904 -1.63738904 -1.65748151 -1.65748151
 -1.65748151 -1.77021151 -1.77021151 -1.77021151 -1.77021151 -1.81175626
 -1.81175626 -1.81175626 -1.82022993 -1.82022993 -1.82133596 -1.82133596
 -1.82133596 -1.82432917 -1.82432917 -1.82432917 -1.82432917 -1.82432917
 -1.82432917 -1.82432917 -1.82432917 -1.82432917 -1.82432917 -1.82432917
 -1.82432917 -1.82432917 -1.82432917 -1.82432917 -1.82432917 -1.82432917
 -1.82432917 -1.82432917 -1.82432917 -1.82432917 -1.82432917 -1.82432917
 -1.82432917 -1.82432917 -1.82432917 -1.82432917 -1.82432917 -1.82432917
 -1.82440688 -1.82440688 -1.82440688 -1.82440688 -1.82440688 -1.82440688
 -1.82440688 -1.82440688 -1.82440688 -1.82440688 -1.82440688 -1.82440688
 -1.82440688 -1.82440688 -1.82440688 -1.82440688 -1.82440688 -1.82440688
 -1.82440688 -1.82440688 -1.82440688 -1.82441052 -1.82441052 -1.82441052
 -1.82441052 -1.82441052 -1.82441052 -1.82441052 -1.82441052 -1.82441052
 -1.82441052 -1.82441052 -1.82441052 -1.82441052 -1.82442926 -1.82442926
 -1.82445082 -1.82445082 -1.82445082 -1.83655499 -1.83655499 -1.83655499
 -1.83655499 -1.83655499 -1.83655499 -1.84144306 -1.84144306 -1.84144306
 -1.84144306 -1.87347901 -1.87347901 -1.87347901 -1.87347901 -1.87347901
 -1.87347901 -1.87347901 -1.87347901 -1.87347901 -1.87347901 -1.87747467
 -1.87747467 -1.87747467 -1.88212116 -1.88212116 -1.88212116 -1.88212116
 -1.88212116 -1.88222994 -1.88277488 -1.88277488 -1.88277488 -1.88323355
 -1.88323355 -1.88332115 -1.88332115 -1.88488352 -1.88488352 -1.88488352
 -1.88488352 -1.8851033  -1.88555589 -1.88555589 -1.88592562 -1.88592562
 -1.88592562 -1.88592562 -1.88592562 -1.88631974 -1.88631974 -1.88631974
 -1.88690399 -1.88690399 -1.88690399 -1.88690399 -1.88690399 -1.88742222
 -1.88742222 -1.88742222 -1.88742222 -1.88742222 -1.88742222 -1.88742222
 -1.8875948  -1.8875948  -1.8875948  -1.8875948  -1.8875948  -1.8875948
 -1.8875948  -1.88773909 -1.88773909 -1.88773909 -1.88773909 -1.88773909
 -1.88773909 -1.88773909 -1.88780219 -1.88803231 -1.88803231 -1.88803231
 -1.88803231 -1.88803231 -1.88803231 -1.88803231 -1.88803231 -1.88803231
 -1.88804901 -1.88804901 -1.88804901 -1.88804901 -1.88804901 -1.88804901
 -1.88804901 -1.88804901 -1.88804901 -1.88804901 -1.88804901 -1.88804901
 -1.88804901 -1.88821413 -1.88821413 -1.88821413 -1.88821413 -1.88821413
 -1.88821413 -1.88821413 -1.88821413 -1.88821413 -1.88821413 -1.88821413
 -1.88821413 -1.88821413 -1.88821413 -1.88821413 -1.88821413 -1.88821413
 -1.88821413 -1.88821413 -1.88834364 -1.88834364 -1.88834364 -1.88834364
 -1.88834364 -1.88834364 -1.88834364 -1.88834364 -1.88834364 -1.88834364
 -1.88834364 -1.88834364 -1.88834364 -1.88834364 -1.88834364 -1.88834364
 -1.88834364 -1.88834364 -1.88834364 -1.88834364 -1.88835216 -1.88835216
 -1.88835216 -1.88835216 -1.88835216 -1.88835216 -1.88835216 -1.88835216
 -1.88835216 -1.88835216 -1.88835216 -1.88835216 -1.88835216 -1.88835216
 -1.88835216 -1.88835216 -1.88835216 -1.88835216 -1.88835216 -1.88835216
 -1.88835216 -1.88835216 -1.88835216 -1.88835216 -1.88835216 -1.88835216
 -1.88835216 -1.88835216 -1.88835216 -1.88835216 -1.88835216 -1.88835216
 -1.88835216 -1.88835216 -1.88835216 -1.88835216 -1.88835216 -1.88835216
 -1.88835216 -1.88835216 -1.88835216 -1.88835216 -1.88835216 -1.88835216
 -1.88835216 -1.88835216 -1.88835216 -1.88835216 -1.88835216 -1.88835216
 -1.88835216]
[-1.13457927 -1.13457927 -1.13457927 -1.13457927 -1.13457927 -1.13457927
 -1.13457927 -1.13457927 -1.13457927 -1.13457927 -1.13457927 -1.13457927
 -1.13457927 -1.21677256 -1.24825059 -1.24825059 -1.24825059 -1.25519211
 -1.26755028 -1.34186933 -1.34186933 -1.34186933 -1.44005989 -1.44005989
 -1.44005989 -1.44005989 -1.44005989 -1.44005989 -1.44160062 -1.44160062
 -1.44160062 -1.44550065 -1.44550065 -1.4461398  -1.47229999 -1.54820458
 -1.54820458 -1.54820458 -1.54820458 -1.54820458 -1.54820458 -1.54820458
 -1.54820458 -1.54820458 -1.55667353 -1.55667353 -1.55667353 -1.57404966
 -1.57404966 -1.57404966 -1.57404966 -1.57404966 -1.57886436 -1.57886436
 -1.57886436 -1.57886436 -1.58879125 -1.58879125 -1.62094484 -1.62094484
 -1.62094484 -1.62094484 -1.62094484 -1.62094484 -1.62260172 -1.62260172
 -1.62269789 -1.62269789 -1.62269789 -1.62269789 -1.62451029 -1.62797018
 -1.6304112  -1.6304112  -1.6304112  -1.6304112  -1.6304112  -1.6304112
 -1.6304112  -1.63135588 -1.63171823 -1.63171823 -1.6318174  -1.63238757
 -1.63238757 -1.63238757 -1.63238757 -1.63238757 -1.63238757 -1.63238757
 -1.63329431 -1.63329431 -1.63329431 -1.63329431 -1.63329431 -1.63329431
 -1.63329431 -1.63329431 -1.63329431 -1.63329431 -1.63329431 -1.63329431
 -1.63329431 -1.63329431 -1.63329431 -1.63329431 -1.63329431 -1.63329431
 -1.63329431 -1.63329431 -1.63332072 -1.63332072 -1.63332072 -1.63332072
 -1.63332072 -1.63332072 -1.63332072 -1.63332072 -1.63332072 -1.63332072
 -1.63332072 -1.63332072 -1.63332072 -1.63332072 -1.63332072 -1.63332072
 -1.63332072 -1.63332072 -1.63332072 -1.63332072 -1.63332072 -1.63332072
 -1.63332072 -1.63332072 -1.63332072 -1.63332072 -1.63332072 -1.63332072
 -1.63332072 -1.63332072 -1.63332072 -1.63332072 -1.63332072 -1.63332072
 -1.63332072 -1.63332072 -1.63332072 -1.63332072 -1.63332072 -1.63332072
 -1.63332072 -1.63332072 -1.63332072 -1.63332072 -1.63332072 -1.63332072
 -1.63332072 -1.63332072 -1.63332072 -1.63332072 -1.63332072]
[-1.14040562 -1.14040562 -1.50216881 -1.50216881 -1.50216881 -1.50216881
 -1.50216881 -1.55094232 -1.55094232 -1.55889356 -1.55889356 -1.55889356
 -1.64252042 -1.64252042 -1.64252042 -1.64252042 -1.64252042 -1.64252042
 -1.64252042 -1.64252042 -1.64252042 -1.6884084  -1.6884084  -1.6884084
 -1.6884084  -1.6884084  -1.6884084  -1.6884084  -1.75937709 -1.75937709
 -1.75937709 -1.75937709 -1.77529645 -1.79875897 -1.81541566 -1.81980301
 -1.81980301 -1.81980301 -1.81980301 -1.81980301 -1.82238843 -1.82244789
 -1.82252003 -1.82252003 -1.82252003 -1.82252003 -1.82252003 -1.82252003
 -1.82252003 -1.82252003 -1.82252003 -1.82279087 -1.82279087 -1.82279087
 -1.82286126 -1.82286126 -1.82286126 -1.82286951 -1.82286951 -1.82286951
 -1.84677023 -1.84677023 -1.84677023 -1.84677023 -1.84677023 -1.84677023
 -1.84677023 -1.84677023 -1.84677023 -1.84677023 -1.84677023 -1.85153769
 -1.85153769 -1.85153769 -1.85240956 -1.85240956 -1.85240956 -1.85240956
 -1.85240956 -1.85401019 -1.85401019 -1.85401019 -1.85401019 -1.85401019
 -1.85401019 -1.85534623 -1.85534623 -1.85534623 -1.85534623 -1.85534623
 -1.85534623 -1.85534623 -1.85534623 -1.85534623 -1.85534623 -1.85534623
 -1.86549174 -1.86549174 -1.86549174 -1.86549174 -1.86549174 -1.86549174
 -1.86549174 -1.86549174 -1.86549174 -1.86549174 -1.86549174 -1.86549174
 -1.86549174 -1.86549174 -1.86549174 -1.86549174 -1.86549174 -1.86574625
 -1.86574625 -1.86717384 -1.86717384 -1.86717384 -1.86930913 -1.87102197
 -1.87102197 -1.87102197 -1.87102197 -1.87102197 -1.87102197 -1.87102197
 -1.87102197 -1.87102197 -1.87102197 -1.8720872  -1.87259863 -1.87259863
 -1.87259863 -1.87259863 -1.87259863 -1.87259863 -1.87259863 -1.87259863
 -1.87259863 -1.87259863 -1.87259863 -1.87259863 -1.87259863 -1.87259863
 -1.87259863 -1.87259863 -1.87259863 -1.87259863 -1.87259863 -1.87259863
 -1.87259863 -1.87259863 -1.87259863 -1.87259863 -1.87259863 -1.87259863
 -1.87259863 -1.87259863 -1.87259863 -1.87259863 -1.87259863 -1.87259863
 -1.87259863 -1.87259863 -1.87259863 -1.87259863 -1.87259863 -1.87259863
 -1.87259863 -1.87259863 -1.87259863 -1.87259863 -1.87259863 -1.87259863
 -1.87259863 -1.87259863 -1.87259863 -1.87259863 -1.87259863 -1.87259863
 -1.87259863]
[-1.02998383 -1.02998383 -1.02998383 -1.02998383 -1.02998383 -1.02998383
 -1.05747814 -1.24789124 -1.25214937 -1.25214937 -1.30120627 -1.30120627
 -1.30120627 -1.30120627 -1.30120627 -1.30120627 -1.30120627 -1.30120627
 -1.39480521 -1.39480521 -1.43078103 -1.45649362 -1.53759311 -1.53759311
 -1.53759311 -1.54917448 -1.54917448 -1.73081503 -1.73081503 -1.73081503
 -1.73081503 -1.73081503 -1.73081503 -1.73081503 -1.73081503 -1.73081503
 -1.73081503 -1.73081503 -1.73081503 -1.73081503 -1.73081503 -1.73081503
 -1.73081503 -1.73503748 -1.73503748 -1.73503748 -1.73503748 -1.73503748
 -1.73503748 -1.73509711 -1.73509711 -1.73587422 -1.73587422 -1.73682379
 -1.73682379 -1.73757505 -1.73757505 -1.73757505 -1.73757505 -1.73757505
 -1.73842844 -1.73842844 -1.73893646 -1.73893646 -1.73893646 -1.73893646
 -1.73893646 -1.73893646 -1.73893646 -1.73893646 -1.73893646 -1.73893646
 -1.73893646 -1.73893646 -1.73893646 -1.73895561 -1.73895561 -1.73895561
 -1.73895561 -1.73895561 -1.73895561 -1.73895561 -1.73895561 -1.73895561
 -1.73895561 -1.73905301 -1.73905301 -1.73905301 -1.73905301 -1.73905301
 -1.73905301 -1.73905301 -1.73905301 -1.73905301 -1.73905301 -1.73905301
 -1.73917467 -1.73917467 -1.73917467 -1.73917467 -1.73917467 -1.73917467
 -1.73917467 -1.73917467 -1.73917467 -1.73917467 -1.73917467 -1.73917467
 -1.73917467 -1.73917467 -1.73917467 -1.73917467 -1.73917467 -1.73917467
 -1.73917467 -1.73917467 -1.73921252 -1.73921252 -1.73921252 -1.73921252
 -1.73921252 -1.73921252 -1.73921252 -1.73921252 -1.73921252 -1.73921252
 -1.73921252 -1.73921252 -1.73932739 -1.73932739 -1.73932739 -1.73932739
 -1.73932739 -1.73932739 -1.73932739 -1.73932739 -1.73932739 -1.73932739
 -1.73932739 -1.73932739 -1.73932739 -1.73932739 -1.73932739 -1.73932739
 -1.73932739 -1.73932739 -1.73932739 -1.73932739 -1.73932739 -1.73932739
 -1.73932739 -1.73932739 -1.73932739 -1.73932739 -1.73932739 -1.73932739
 -1.73932739 -1.73932739 -1.73932739 -1.73932739 -1.73932739 -1.73932739
 -1.73932739 -1.73932739 -1.73932739 -1.73932739 -1.73932739 -1.73932739
 -1.73932739 -1.73932739 -1.73932739 -1.73932739 -1.73932739 -1.73932739
 -1.73932739 -1.73932739 -1.73932739 -1.73932739 -1.73932739]
[-1.02204065 -1.02204065 -1.10761318 -1.10761318 -1.10761318 -1.10761318
 -1.10761318 -1.12888359 -1.13879817 -1.13879817 -1.26016135 -1.28894309
 -1.30417384 -1.32568343 -1.32568343 -1.32568343 -1.32568343 -1.62763647
 -1.62763647 -1.62763647 -1.62763647 -1.62763647 -1.62763647 -1.64252042
 -1.76998359 -1.76998359 -1.77341456 -1.77341456 -1.77341456 -1.77341456
 -1.77341456 -1.77341456 -1.7920509  -1.79817163 -1.79817163 -1.79817163
 -1.79817163 -1.79930303 -1.7999792  -1.7999792  -1.7999792  -1.7999792
 -1.7999792  -1.7999792  -1.80079737 -1.80079737 -1.80079737 -1.80079737
 -1.80079737 -1.80079737 -1.80087793 -1.80101977 -1.80101977 -1.80101977
 -1.80101977 -1.80101977 -1.80101977 -1.80101977 -1.80105012 -1.80105012
 -1.80105012 -1.80105012 -1.80105012 -1.80134425 -1.80134425 -1.80134425
 -1.80134425 -1.80134476 -1.80134476 -1.80139365 -1.80139365 -1.80139365
 -1.80139365 -1.80139365 -1.80142126 -1.80142126 -1.80142126 -1.80142126
 -1.80142126 -1.80142126 -1.80142126 -1.80195475 -1.80195475 -1.80195475
 -1.80195475 -1.80195475 -1.80195475 -1.80195475 -1.80195475 -1.80195475
 -1.80195475 -1.80195475 -1.80195475 -1.80195475 -1.80195475 -1.80195475
 -1.80195475 -1.80195475 -1.80195475 -1.80195475 -1.80195475 -1.80195475
 -1.80195475 -1.80195475 -1.80195475 -1.80195475 -1.80195475 -1.80195475
 -1.81921607 -1.85061383 -1.85061383 -1.85061383 -1.85061383 -1.85061383
 -1.85061383 -1.85061383 -1.85061383 -1.85061383 -1.86949803 -1.86949803
 -1.87102614 -1.87102614 -1.87102614 -1.88669468 -1.88669468 -1.88767222
 -1.88767222 -1.88767222 -1.88767222 -1.88767222 -1.88767222 -1.88767222
 -1.88767222 -1.88767222 -1.88767222 -1.88767222 -1.88767222 -1.88767222
 -1.88767222 -1.88767222 -1.88767222 -1.88794288 -1.88794288 -1.88794288
 -1.88794288 -1.88794288 -1.88794288 -1.88794288 -1.88794288 -1.88794288
 -1.88794288 -1.88794288 -1.88794288 -1.88794288 -1.88794288 -1.88794288
 -1.88794288 -1.88794288 -1.88794288 -1.88794288 -1.88794288 -1.88794288
 -1.88794288 -1.88794288 -1.88794288 -1.88794288 -1.88794288 -1.88794288
 -1.88794288 -1.88794288 -1.88794288 -1.88794288 -1.88794288 -1.88794288
 -1.88794288 -1.88794288 -1.88794288 -1.88794288 -1.88794288 -1.88794288
 -1.88794288 -1.88794288 -1.88794288 -1.88794288 -1.88794288 -1.88794288
 -1.88794288 -1.88794288 -1.88794288 -1.88794288 -1.88794288 -1.88794288]
[-0.72471361 -0.87199882 -0.87199882 -1.54415816 -1.54415816 -1.54415816
 -1.54415816 -1.54415816 -1.54415816 -1.54415816 -1.54415816 -1.54415816
 -1.54415816 -1.54415816 -1.54415816 -1.54415816 -1.54415816 -1.54415816
 -1.54415816 -1.54415816 -1.54415816 -1.54415816 -1.54415816 -1.54415816
 -1.54415816 -1.54415816 -1.54415816 -1.54415816 -1.54415816 -1.54415816
 -1.75405942 -1.75405942 -1.75405942 -1.75405942 -1.75405942 -1.75405942
 -1.75405942 -1.75405942 -1.75405942 -1.75405942 -1.75405942 -1.75405942
 -1.75405942 -1.75405942 -1.75405942 -1.75405942 -1.75405942 -1.75405942
 -1.75405942 -1.75405942 -1.75405942 -1.75405942 -1.75405942 -1.78274619
 -1.78274619 -1.78274619 -1.78274619 -1.78274619 -1.78274619 -1.78274619
 -1.78274619 -1.78475605 -1.79827759 -1.79827759 -1.79908961 -1.79908961
 -1.79908961 -1.79908961 -1.79908961 -1.79908961 -1.79908961 -1.79908961
 -1.79908961 -1.79908961 -1.80018021 -1.80018021 -1.80018021 -1.80018021
 -1.80186337 -1.80186337 -1.80186337 -1.80186337 -1.80186337 -1.80186337
 -1.80186337 -1.80186337 -1.80186337 -1.80186337 -1.80186337 -1.80186337
 -1.80186337 -1.80186337 -1.80186337 -1.80186337 -1.80186337 -1.80186337
 -1.80186337 -1.80186337 -1.80186337 -1.80186337 -1.80186337 -1.80186337
 -1.80186337 -1.80186337 -1.80186337 -1.80186337 -1.80186337 -1.80186337
 -1.80186337 -1.80186337 -1.80186337 -1.80186337 -1.80186337 -1.80186337
 -1.80186337 -1.80186337 -1.80186337 -1.80186337 -1.80186337 -1.80186337
 -1.80186337 -1.82388192 -1.82388192 -1.82388192 -1.82388192 -1.82388192
 -1.82388192 -1.82388192 -1.82403464 -1.82403464 -1.82859493 -1.82859493
 -1.82859493 -1.82859493 -1.82859493 -1.82859493 -1.84584193 -1.84584193
 -1.84584193 -1.84710113 -1.85685547 -1.86023133 -1.86023133 -1.86115788
 -1.86115788 -1.86115788 -1.86115788 -1.86115788 -1.86115788 -1.86115788
 -1.86115788 -1.86115788 -1.86115788 -1.86115788 -1.86115788 -1.86115788
 -1.86115788 -1.86115788 -1.86115788 -1.86115788 -1.86115788 -1.86115788
 -1.86115788 -1.8613906  -1.8613906  -1.8613906  -1.8613906  -1.8613906
 -1.8613906  -1.8613906  -1.8613906  -1.8613906  -1.8613906  -1.8613906
 -1.8613906  -1.8613906  -1.8613906  -1.8613906  -1.8613906  -1.8613906
 -1.8613906  -1.8613906  -1.86140915 -1.86140915 -1.86140915 -1.86140915
 -1.86140915 -1.86140915 -1.86140915 -1.86140915 -1.86140915 -1.86140915
 -1.86140915 -1.86140915 -1.86156624 -1.86156624 -1.86156624 -1.86156624
 -1.86156624 -1.86156624 -1.86156624 -1.86156624 -1.86156624 -1.86156624
 -1.86156624 -1.86156624 -1.86156624 -1.86156624 -1.86171695 -1.86171695
 -1.86171695 -1.86171695 -1.86171695 -1.86171695 -1.86171695 -1.86171695
 -1.86171695 -1.86171695 -1.86171695 -1.86171695 -1.86171695 -1.86171695
 -1.86171695 -1.86171695 -1.86171695 -1.86171695 -1.86171695 -1.86171695
 -1.86171695 -1.86171695 -1.86171695 -1.86171695 -1.86171695 -1.86174618
 -1.86174618 -1.86174618 -1.86174618 -1.86174618 -1.86174618 -1.86174618
 -1.86174618 -1.86174618 -1.86174618 -1.86174618 -1.86174618 -1.86174618
 -1.86174618 -1.86174618 -1.86174618 -1.86174618 -1.86174618 -1.86174618
 -1.86174618 -1.86174618 -1.86174618 -1.86174618 -1.88208546 -1.88208546
 -1.88208546 -1.88208546 -1.88208546 -1.88208546 -1.88208546 -1.88208546
 -1.88208546 -1.88208546 -1.88208546 -1.88208546 -1.88208546 -1.88399628
 -1.88399628 -1.88399628 -1.88483662 -1.88483662 -1.88499898 -1.88559275
 -1.88630755 -1.88630755 -1.88630755 -1.88715302 -1.88715302 -1.88715302
 -1.88715302 -1.88715302 -1.88715302 -1.88715302 -1.88715302 -1.88745545
 -1.88745545 -1.88745545 -1.88745545 -1.8879842  -1.8879842  -1.8879842
 -1.8879842  -1.8879842  -1.88820974 -1.88820974 -1.88820974 -1.88820974
 -1.88820974 -1.88820974 -1.88820974 -1.88820974 -1.88820974 -1.88820974
 -1.88820974 -1.88823094 -1.88823094 -1.88827404 -1.88827404 -1.88827404
 -1.88827404 -1.88840799 -1.88840799 -1.88840799 -1.88840799 -1.88840799
 -1.88840799 -1.88840799 -1.88840799 -1.88840799 -1.88840799 -1.88840799
 -1.88840799 -1.88840799 -1.88840799 -1.88840799 -1.88840799 -1.88840799
 -1.88840799 -1.88840799 -1.88840799 -1.88840799 -1.88840799 -1.88840799
 -1.88840799 -1.88840799 -1.88840799 -1.88840799 -1.88840799 -1.88840799
 -1.88840799 -1.88840799 -1.88840799 -1.88840799 -1.88840799 -1.88840799
 -1.88840799 -1.88840799 -1.88840799 -1.88840799 -1.88840799 -1.88840799
 -1.88840799 -1.88840799 -1.88840799 -1.88840799 -1.88840799 -1.88840799
 -1.88840799 -1.88840799 -1.88840799 -1.88840799]
[-1.0378594  -1.0378594  -1.23620555 -1.2917814  -1.2917814  -1.2917814
 -1.2917814  -1.2917814  -1.2917814  -1.2917814  -1.2917814  -1.2917814
 -1.2917814  -1.2917814  -1.2917814  -1.35459831 -1.47194199 -1.49723629
 -1.49723629 -1.51651644 -1.51651644 -1.51651644 -1.51651644 -1.51651644
 -1.51651644 -1.51651644 -1.51651644 -1.51651644 -1.56611809 -1.56611809
 -1.56611809 -1.56611809 -1.57357822 -1.59407557 -1.59407557 -1.59751444
 -1.66410049 -1.66410049 -1.66410049 -1.66410049 -1.66410049 -1.66410049
 -1.66410049 -1.66410049 -1.66410049 -1.66410049 -1.66410049 -1.66410049
 -1.67255351 -1.69263207 -1.69263207 -1.73059069 -1.79474839 -1.79474839
 -1.79474839 -1.79474839 -1.79474839 -1.79474839 -1.822676   -1.822676
 -1.822676   -1.822676   -1.822676   -1.822676   -1.82426893 -1.82426893
 -1.82426893 -1.82426893 -1.82426893 -1.82939255 -1.82939255 -1.82939255
 -1.82939255 -1.82939255 -1.82939255 -1.82939255 -1.82939255 -1.82939255
 -1.82939255 -1.82939255 -1.86091467 -1.86091467 -1.86091467 -1.86091467
 -1.86091467 -1.86091467 -1.86091467 -1.86091467 -1.86091467 -1.86091467
 -1.86091467 -1.86091467 -1.874896   -1.874896   -1.874896   -1.874896
 -1.874896   -1.874896   -1.874896   -1.874896   -1.874896   -1.874896
 -1.874896   -1.874896   -1.874896   -1.874896   -1.874896   -1.874896
 -1.874896   -1.874896   -1.87585564 -1.87585564 -1.87585564 -1.87585564
 -1.87585564 -1.87585564 -1.87585564 -1.87585564 -1.87585564 -1.87585564
 -1.88093342 -1.88093342 -1.88093342 -1.88093342 -1.88093342 -1.88093342
 -1.88093342 -1.88093342 -1.88093342 -1.88093342 -1.88093342 -1.88093342
 -1.88093342 -1.88093342 -1.88093342 -1.88093342 -1.88093342 -1.88117687
 -1.88117687 -1.88117687 -1.88117687 -1.88117687 -1.88117687 -1.88117687
 -1.88117687 -1.88117687 -1.88117687 -1.88117687 -1.88117687 -1.88117687
 -1.88117687 -1.88117687 -1.88117687 -1.88117687 -1.88117687 -1.88118077
 -1.88118077 -1.88118077 -1.88118077 -1.88118077 -1.88118077 -1.88118077
 -1.88118077 -1.88118077 -1.88118077 -1.88118077 -1.88118077 -1.88118077
 -1.88118077 -1.88118077 -1.88118077 -1.88118077 -1.88118077 -1.88118077
 -1.88118077 -1.88118077 -1.88118077 -1.88118077 -1.88118077 -1.88118077
 -1.88118077 -1.88118077 -1.88118077 -1.88118077 -1.88118077 -1.88118077
 -1.88175232 -1.88175232 -1.88175232 -1.88175232 -1.88175232 -1.88175232
 -1.88175232 -1.88175232 -1.88175232 -1.88175232 -1.88175232 -1.88175232
 -1.88175232 -1.88175232 -1.88175232 -1.88175232 -1.88175232 -1.88175232
 -1.88175232 -1.88175232 -1.88175232 -1.88175232 -1.88175232 -1.88175232
 -1.88175232 -1.88175232 -1.88175232 -1.88175232 -1.88175232 -1.88175232
 -1.88175232 -1.88175232 -1.88175232 -1.88175232 -1.88175232 -1.88175232
 -1.88175232 -1.88175232 -1.88175232 -1.88175232 -1.88175232 -1.88175232
 -1.88175232 -1.88175232 -1.88175232 -1.88175232 -1.88175232 -1.88175232
 -1.88175232 -1.88175232 -1.88175232]
[-1.11589261 -1.58134183 -1.58134183 -1.58134183 -1.58134183 -1.58134183
 -1.58134183 -1.58134183 -1.58134183 -1.64252042 -1.64252042 -1.64252042
 -1.64252042 -1.64252042 -1.64252042 -1.64252042 -1.64252042 -1.64252042
 -1.64252042 -1.64252042 -1.64252042 -1.64252042 -1.64252042 -1.78798446
 -1.78798446 -1.78798446 -1.78798446 -1.78798446 -1.78798446 -1.78798446
 -1.78798446 -1.78798446 -1.78798446 -1.78798446 -1.78798446 -1.78798446
 -1.78798446 -1.78798446 -1.78798446 -1.78798446 -1.78798446 -1.78798446
 -1.78798446 -1.78798446 -1.79273399 -1.80100063 -1.80100063 -1.80100063
 -1.80100063 -1.80100063 -1.80100063 -1.80112644 -1.80112644 -1.80112644
 -1.80112644 -1.80112644 -1.80112644 -1.80112644 -1.80112644 -1.80112644
 -1.80112644 -1.80112644 -1.80112644 -1.80130051 -1.80130051 -1.80130051
 -1.80130051 -1.80130051 -1.80240144 -1.80240144 -1.80240144 -1.80240144
 -1.80240144 -1.80240144 -1.80240144 -1.80240144 -1.80240144 -1.80240144
 -1.80240144 -1.80240144 -1.80240144 -1.80240144 -1.80240144 -1.80240144
 -1.80240144 -1.80240144 -1.80240144 -1.81569685 -1.81569685 -1.81569685
 -1.81569685 -1.81569685 -1.81569685 -1.81569685 -1.82422111 -1.82422111
 -1.82422111 -1.82422111 -1.82423943 -1.82423943 -1.82441325 -1.82445781
 -1.82445781 -1.82445781 -1.82450902 -1.82450902 -1.82450902 -1.82450902
 -1.82450902 -1.82450902 -1.82450902 -1.82450902 -1.82450902 -1.8245283
 -1.8245283  -1.8245283  -1.8245283  -1.8245283  -1.8245283  -1.8245283
 -1.8245283  -1.8245283  -1.8245283  -1.8245283  -1.8245283  -1.8245283
 -1.8245283  -1.8245283  -1.824529   -1.824529   -1.824529   -1.824529
 -1.824529   -1.824529   -1.824529   -1.824529   -1.85107562 -1.85842563
 -1.85842563 -1.85842563 -1.85842563 -1.85842563 -1.85842563 -1.85842563
 -1.85842563 -1.85842563 -1.85842563 -1.85842563 -1.85905679 -1.85905679
 -1.85905679 -1.85905679 -1.85905679 -1.85905679 -1.85905679 -1.87278295
 -1.87278295 -1.87278295 -1.87278295 -1.87380041 -1.87380041 -1.87433733
 -1.87514152 -1.87514152 -1.87514152 -1.87514152 -1.87514152 -1.87514152
 -1.87660117 -1.87660117 -1.87660117 -1.87660117 -1.87660117 -1.87660117
 -1.87660117 -1.87679824 -1.87679824 -1.87705785 -1.87705785 -1.87909427
 -1.87909427 -1.87909427 -1.87909427 -1.87909427 -1.87941285 -1.87941285
 -1.87963126 -1.87963126 -1.87963126 -1.87963126 -1.87963126 -1.87963126
 -1.87965214 -1.87965214 -1.87965214 -1.87965214 -1.87965214 -1.87998097
 -1.87998097 -1.87998097 -1.87998097 -1.87998097 -1.88006809 -1.88006809
 -1.88006809 -1.88006809 -1.88006809 -1.88006809 -1.88006809 -1.88006809
 -1.88006809 -1.88006809 -1.88006809 -1.88006809 -1.88006809 -1.88006809
 -1.88006809 -1.88006809 -1.88006809 -1.88006809 -1.88006809 -1.88006809
 -1.88006809 -1.88006809 -1.88006809 -1.88006809 -1.88006809 -1.88006809
 -1.88006809 -1.88006809 -1.88006809 -1.88006809 -1.88006809 -1.88006809
 -1.88006809 -1.88006809 -1.88006809 -1.88006809 -1.88006809 -1.88006809
 -1.88006809 -1.88006809 -1.88006809 -1.88006809 -1.88006809 -1.88006809
 -1.88006809 -1.88006809 -1.88006809 -1.88006809 -1.88006809 -1.88006809
 -1.88006809]
[-1.0650968  -1.08454591 -1.08454591 -1.08454591 -1.40591385 -1.40591385
 -1.40591385 -1.40591385 -1.40591385 -1.40591385 -1.40591385 -1.40591385
 -1.40591385 -1.40591385 -1.48731792 -1.48731792 -1.51482507 -1.51768027
 -1.59585131 -1.59585131 -1.63738904 -1.63738904 -1.80641849 -1.82428405
 -1.82428405 -1.82428405 -1.82428405 -1.82428405 -1.82428405 -1.82428405
 -1.82428405 -1.82428405 -1.82428405 -1.82428405 -1.82428405 -1.82428405
 -1.82428405 -1.82428405 -1.82428405 -1.82428405 -1.82428405 -1.82433499
 -1.82433499 -1.82433499 -1.82676776 -1.82676776 -1.82676776 -1.82676776
 -1.82676776 -1.8408731  -1.84588484 -1.84588484 -1.84588484 -1.84588484
 -1.84588484 -1.84588484 -1.84588484 -1.84588484 -1.84588484 -1.852552
 -1.852552   -1.852552   -1.852552   -1.85378472 -1.85378472 -1.85378472
 -1.85979617 -1.85979617 -1.85979617 -1.86071291 -1.86071291 -1.86071291
 -1.86094036 -1.8613415  -1.8613415  -1.8613415  -1.8613415  -1.8613415
 -1.8613415  -1.86173694 -1.86173694 -1.86173694 -1.86173694 -1.86173694
 -1.86173694 -1.86173694 -1.86173694 -1.86173694 -1.86173694 -1.86173694
 -1.86173694 -1.86173694 -1.86173694 -1.86173694 -1.86173694 -1.86173694
 -1.86193642 -1.86193642 -1.86193642 -1.86193642 -1.86193642 -1.86193642
 -1.86193642 -1.86193642 -1.86193642 -1.86193642 -1.86193642 -1.86193642
 -1.86193642 -1.86193642 -1.8620437  -1.8620437  -1.8620437  -1.8620437
 -1.8620437  -1.8620437  -1.8620437  -1.8620437  -1.8620437  -1.8620437
 -1.8620437  -1.8620437  -1.8620437  -1.8620437  -1.8620437  -1.8620437
 -1.8620437  -1.8620437  -1.8620437  -1.8620437  -1.8620437  -1.8620437
 -1.8620437  -1.8620437  -1.8620437  -1.8620437  -1.8620437  -1.8620437
 -1.8620437  -1.8620437  -1.8620437  -1.8620437  -1.86205644 -1.86205644
 -1.86205644 -1.86205644 -1.86205644 -1.86205644 -1.86205644 -1.86205644
 -1.86205644 -1.86205644 -1.86205644 -1.86205644 -1.86205644 -1.86205644
 -1.86205644 -1.86205644 -1.86205644 -1.86205644 -1.86205644 -1.86205644
 -1.86205644 -1.86205644 -1.86205644 -1.86205644 -1.86205644 -1.86205644
 -1.86205644 -1.86205644 -1.86205644 -1.86205644 -1.86205644 -1.86205644
 -1.86205644 -1.86205644 -1.86205644 -1.86205644 -1.86205644 -1.86205644
 -1.86205644 -1.86205644 -1.86205644 -1.86205644 -1.86205644 -1.86214892
 -1.86214892 -1.86214892 -1.86214892 -1.86214892 -1.86214892 -1.86214892
 -1.86214892 -1.86214892 -1.86214892 -1.86214892 -1.86214892 -1.86214892
 -1.86214892 -1.86214892 -1.86214892 -1.86214892 -1.86214892 -1.86214892
 -1.86214892 -1.86214892 -1.86214892 -1.86214892 -1.86214892 -1.86214892
 -1.86214892 -1.86214892 -1.86214892 -1.86214892 -1.86214892 -1.86214892
 -1.86214892 -1.86214892 -1.86214892 -1.86214892 -1.86214892 -1.86214892
 -1.86214892 -1.86214892 -1.86214892 -1.86214892 -1.86214892 -1.86214892
 -1.86214892 -1.86214892 -1.86214892 -1.86214892 -1.86214892 -1.86214892
 -1.86214892 -1.86214892]
[-1.16996885 -1.16996885 -1.16996885 -1.16996885 -1.16996885 -1.16996885
 -1.16996885 -1.2400677  -1.2400677  -1.30382751 -1.30382751 -1.30382751
 -1.30382751 -1.31765313 -1.31765313 -1.35501484 -1.42352389 -1.42352389
 -1.42352389 -1.42352389 -1.43223385 -1.43223385 -1.58657635 -1.58657635
 -1.58657635 -1.58657635 -1.58657635 -1.58657635 -1.58657635 -1.58657635
 -1.58657635 -1.58657635 -1.58657635 -1.58657635 -1.59047467 -1.59047467
 -1.59047467 -1.59047467 -1.59047467 -1.59047467 -1.59047467 -1.59130185
 -1.59134482 -1.59134482 -1.59134482 -1.59134482 -1.59134482 -1.59368052
 -1.59368052 -1.59630225 -1.59630225 -1.59630225 -1.59748671 -1.59748671
 -1.59748671 -1.59748671 -1.59748671 -1.59748671 -1.59748671 -1.59748671
 -1.59748671 -1.5975915  -1.5975915  -1.5975915  -1.5975915  -1.59796174
 -1.59796174 -1.59796174 -1.59796174 -1.59796174 -1.71905128 -1.71905128
 -1.71905128 -1.71905128 -1.71905128 -1.71905128 -1.71905128 -1.71905128
 -1.71905128 -1.71905128 -1.71905128 -1.71905128 -1.71905128 -1.71905128
 -1.71905128 -1.71905128 -1.71905128 -1.71905128 -1.71905128 -1.71905128
 -1.71905128 -1.71905128 -1.73335816 -1.73335816 -1.73335816 -1.73335816
 -1.73335816 -1.73668126 -1.73668126 -1.73668126 -1.73668126 -1.73668126
 -1.73674803 -1.73674803 -1.73679142 -1.7370075  -1.7370075  -1.7370075
 -1.7370075  -1.7370075  -1.7370075  -1.7370075  -1.7370075  -1.7370075
 -1.7370075  -1.7370075  -1.7370075  -1.73711068 -1.73711068 -1.73711068
 -1.73711068 -1.73711212 -1.73711212 -1.73711212 -1.73711212 -1.73711212
 -1.73711212 -1.73711212 -1.73711212 -1.73711212 -1.73711212 -1.73711212
 -1.73711212 -1.73711212 -1.73711212 -1.73725299 -1.73725299 -1.73725299
 -1.73725299 -1.73725299 -1.73726664 -1.73726664 -1.73726664 -1.73729567
 -1.73729567 -1.73729567 -1.73729567 -1.73729567 -1.73729567 -1.73729567
 -1.73729567 -1.73729567 -1.73729567 -1.73729567 -1.73729567 -1.73729567
 -1.73729567 -1.73729567 -1.73729567 -1.73729567 -1.73729567 -1.73729567
 -1.73729567 -1.7373447  -1.7373447  -1.7373447  -1.7373447  -1.7373447
 -1.7373447  -1.7373447  -1.7373447  -1.7373447  -1.7373447  -1.7373447
 -1.7373447  -1.7373447  -1.7373447  -1.7373447  -1.7373447  -1.7373447
 -1.73753981 -1.73753981 -1.73753981 -1.73753981 -1.73753981 -1.73753981
 -1.73753981 -1.73753981 -1.73753981 -1.73753981 -1.73753981 -1.73753981
 -1.73753981 -1.73753981 -1.73753981 -1.73753981 -1.73753981 -1.73753981
 -1.73753981 -1.73753981 -1.73753981 -1.73753981 -1.73753981 -1.73753981
 -1.73753981 -1.73753981 -1.73753981 -1.73753981 -1.73753981 -1.73753981
 -1.73753981 -1.73753981 -1.73753981 -1.73753981 -1.73753981 -1.73753981
 -1.73753981 -1.73753981 -1.73753981 -1.73753981 -1.73753981 -1.73753981
 -1.73753981 -1.73753981 -1.73753981 -1.73753981 -1.73753981 -1.73753981
 -1.73753981 -1.73753981 -1.73753981]
