[-1.94024467 -1.94024467 -1.94024467 -1.94024467 -1.94024467 -1.94024467
 -2.36153881 -2.36153881 -2.36153881 -2.36153881 -2.36153881 -2.36153881
 -2.36153881 -2.36153881 -2.36153881 -2.36153881 -2.36153881 -2.36153881
 -2.36153881 -2.36153881 -2.36153881 -2.48210723 -2.48210723 -2.48210723
 -2.48210723 -2.48210723 -2.48210723 -2.48210723 -2.48210723 -2.58432224
 -2.58432224 -2.58537341 -2.58537341 -2.6041308  -2.65082279 -2.65082279
 -2.66435539 -2.66435539 -2.66435539 -2.66435539 -2.66435539 -2.66435539
 -2.67753217 -2.67753217 -2.67753217 -2.67848208 -2.67848208 -2.67848208
 -2.67848208 -2.68979815 -2.68979815 -2.69911441 -2.70934226 -2.70934226
 -2.70934226 -2.74107661 -2.74897776 -2.74897776 -2.74897776 -2.74897776
 -2.74897776 -2.74897776 -2.74897776 -2.74897776 -2.74897776 -2.74897776
 -2.74897776 -2.74897776 -2.74897776 -2.82631159 -2.85570846 -2.85570846
 -2.85570846 -2.87697064 -2.87697064 -2.87697064 -2.87697064 -2.87697064
 -2.87697064 -2.87697064 -2.87697064 -2.87697064 -2.87697064 -2.87697064
 -2.87697064 -2.87697064 -2.87697064 -2.87697064 -2.87697064 -2.87697064
 -2.87697064 -2.87697064 -2.87697064 -2.87697064 -2.87697064 -2.87697064
 -2.87697064 -2.88206705 -2.89784718 -2.89784718 -2.91680051 -2.91680051
 -2.91928783 -2.91928783 -2.92305621 -2.92305621 -2.92672467 -2.93078218
 -2.93078218 -2.93078218 -2.94168372 -2.94168372 -2.94168372 -2.94918901
 -2.95794905 -2.95794905 -2.969276   -2.969276   -2.969276   -2.969276
 -2.97404714 -2.97404714 -2.97404714 -2.97404714 -2.97404714 -2.97404714
 -2.97404714 -2.97404714 -2.97404714 -2.97404714 -2.98393203 -2.98393203
 -2.98393203 -2.98393203 -2.98393203 -2.98718832 -2.98718832 -2.99229724
 -2.99229724 -2.99521611 -2.99521611 -2.99711359 -2.99711359 -2.99711359
 -2.99855019 -2.99992704 -2.99992704 -2.99992704 -3.00223599 -3.00223599
 -3.0045404  -3.0045404  -3.0045404  -3.0045404  -3.00458549 -3.00458549
 -3.00458549 -3.00458549 -3.00458549 -3.00458549 -3.00458549 -3.00458549
 -3.00518083 -3.00571099 -3.00571099 -3.0060017  -3.0060017  -3.00612299
 -3.00612299 -3.00612299 -3.00612299 -3.00664306 -3.00664306 -3.00664306
 -3.00664306 -3.00664306 -3.00664306 -3.00665237 -3.00665237 -3.00665237
 -3.00665597 -3.00665597 -3.00665597 -3.00674118 -3.00674118 -3.00679226
 -3.00679226 -3.00679226 -3.00679226 -3.00679226 -3.00679226 -3.00679226
 -3.00679226 -3.00679226 -3.00679226 -3.00679226 -3.00679226 -3.00679226
 -3.00679226 -3.00679226 -3.00679226 -3.00679226 -3.00679226 -3.00679226
 -3.00679226 -3.00679226 -3.00679226 -3.00679226 -3.00679226 -3.00679226
 -3.00679226 -3.00679226 -3.00679226 -3.00679226 -3.00679226 -3.00679226
 -3.00679226 -3.00679226 -3.00679226 -3.00679226 -3.00679226 -3.00679226
 -3.00679226 -3.00679226 -3.00679226 -3.00679226 -3.00679226 -3.00679226
 -3.00679226 -3.00679226 -3.00679226 -3.00680486 -3.00680486 -3.00680486
 -3.00680486 -3.00680486 -3.00680486 -3.00680486 -3.00680486 -3.00680486
 -3.00680486 -3.00680486 -3.00680486 -3.00680486 -3.00680486 -3.00680486
 -3.00680486 -3.00680486 -3.00684316 -3.00684316 -3.00684316 -3.00684316
 -3.00684316 -3.00684316 -3.00684316 -3.00684316 -3.00684316 -3.00684316
 -3.00684316 -3.00684316 -3.00684316 -3.00684316 -3.00684316 -3.00684316
 -3.00684316 -3.00684316 -3.00684316 -3.00684316 -3.00684316 -3.00684316
 -3.00684316 -3.00684316 -3.00684316 -3.00684316 -3.00684316 -3.00684316
 -3.00684316 -3.00684316 -3.00684316 -3.00684316 -3.00684316 -3.00684316
 -3.00684316 -3.00684316 -3.00684316 -3.00684316 -3.00684316 -3.00684316
 -3.00684316 -3.00684316 -3.00684316 -3.00684316 -3.00684316 -3.00684316
 -3.00684316 -3.00684316 -3.00684316 -3.00684316 -3.00684316]
[-1.63156065 -1.63156065 -1.63156065 -1.63156065 -1.63156065 -1.63156065
 -1.78804034 -2.01531157 -2.08711627 -2.08711627 -2.08711627 -2.08711627
 -2.1974389  -2.1974389  -2.1974389  -2.30994722 -2.30994722 -2.32068561
 -2.32068561 -2.32068561 -2.32068561 -2.32068561 -2.32068561 -2.32803921
 -2.32803921 -2.32803921 -2.40308087 -2.40430635 -2.40430635 -2.40430635
 -2.40430635 -2.45588998 -2.59947424 -2.59947424 -2.59947424 -2.59947424
 -2.59947424 -2.59947424 -2.60626167 -2.61363803 -2.61363803 -2.61363803
 -2.61363803 -2.61363803 -2.61363803 -2.61363803 -2.61363803 -2.61731765
 -2.61731765 -2.62054454 -2.62054454 -2.6240685  -2.6240685  -2.6240685
 -2.6240685  -2.6240685  -2.6240685  -2.6240685  -2.6240685  -2.6240685
 -2.6240685  -2.6240685  -2.6240685  -2.6240685  -2.6240685  -2.6240685
 -2.62425084 -2.62426458 -2.62426458 -2.62434828 -2.62434828 -2.62434828
 -2.62444419 -2.62444419 -2.62444419 -2.62444419 -2.62444419 -2.62444419
 -2.62464512 -2.62464512 -2.62464512 -2.62464512 -2.62464512 -2.62464512
 -2.62464512 -2.62464512 -2.62464512 -2.62475145 -2.62475145 -2.62475145
 -2.62475145 -2.62475145 -2.62475145 -2.62475145 -2.62475145 -2.62475145
 -2.62475145 -2.62475145 -2.62475145 -2.62475145 -2.62475145 -2.62475145
 -2.62475145 -2.62493049 -2.62493049 -2.62493049 -2.62493049 -2.62493049
 -2.62493049 -2.62493049 -2.62493049 -2.62493049 -2.62493049 -2.62493049
 -2.62493049 -2.62493049 -2.62493049 -2.62493049 -2.62493049 -2.62493049
 -2.62493049 -2.62493049 -2.62493049 -2.62493049 -2.62493049 -2.62493049
 -2.62493049 -2.62493049 -2.62493049 -2.62493049 -2.62493049 -2.62493049
 -2.62493049 -2.62493049 -2.62493049 -2.62493049 -2.62493049 -2.62493049
 -2.62493049 -2.62493049 -2.62493049 -2.62493049 -2.62493049 -2.62493049
 -2.62493049 -2.62493049 -2.62493049 -2.62493049 -2.62493049 -2.62493049
 -2.62493049 -2.62493049 -2.62493049 -2.62493049]
[-1.70912128 -1.70912128 -1.70912128 -1.71883954 -1.76666668 -1.76666668
 -1.76666668 -2.33511067 -2.33511067 -2.33511067 -2.33511067 -2.33511067
 -2.33511067 -2.33511067 -2.33511067 -2.33511067 -2.33511067 -2.33511067
 -2.33511067 -2.4087008  -2.51808666 -2.5359402  -2.5359402  -2.5718264
 -2.5718264  -2.5748497  -2.5748497  -2.5748497  -2.5748497  -2.5748497
 -2.64568201 -2.64568201 -2.64568201 -2.64568201 -2.64568201 -2.64568201
 -2.64568201 -2.65441823 -2.67221838 -2.67221838 -2.67221838 -2.67221838
 -2.69928303 -2.69928303 -2.69928303 -2.69928303 -2.70949788 -2.70949788
 -2.70949788 -2.70949788 -2.70949788 -2.72264198 -2.7282551  -2.7282551
 -2.7282551  -2.7282551  -2.7282551  -2.7282551  -2.7282551  -2.7291035
 -2.73078644 -2.73562405 -2.73562405 -2.73562405 -2.73562405 -2.73562405
 -2.73562405 -2.73562405 -2.73562405 -2.73645016 -2.73705025 -2.73705025
 -2.73705025 -2.7374703  -2.7374703  -2.7374703  -2.7374703  -2.7374703
 -2.7374703  -2.7374703  -2.7374703  -2.73748514 -2.73748514 -2.73753515
 -2.73753515 -2.73753515 -2.73753515 -2.73753515 -2.73753515 -2.73761247
 -2.73761247 -2.73779291 -2.73779291 -2.73779291 -2.73779291 -2.73779291
 -2.73779291 -2.73779291 -2.73779291 -2.73779291 -2.73779291 -2.73779291
 -2.73779291 -2.73779291 -2.73779291 -2.73779291 -2.73779291 -2.73779291
 -2.73779291 -2.73783075 -2.73783075 -2.73783075 -2.73783075 -2.73783075
 -2.73783075 -2.73783075 -2.73783075 -2.73783075 -2.73783075 -2.73783075
 -2.73783075 -2.73783075 -2.73783075 -2.73783075 -2.73783075 -2.73783075
 -2.73783075 -2.73783075 -2.73783075 -2.73783075 -2.73783075 -2.73783075
 -2.73783075 -2.73783075 -2.73783075 -2.73783075 -2.73783075 -2.73783075
 -2.73783075 -2.73783075 -2.73783075 -2.73783075 -2.73783075 -2.73783075
 -2.73783075 -2.73783075 -2.73783075 -2.73783075 -2.73783075 -2.73783075
 -2.73783075 -2.73783075 -2.73783075 -2.73783075 -2.73783075 -2.73783075
 -2.73783075 -2.73783075 -2.73783075 -2.73783075]
[-1.80465383 -1.80765674 -1.96424132 -1.96424132 -1.96424132 -1.98981868
 -1.98981868 -1.98981868 -2.00457475 -2.15082842 -2.15082842 -2.15082842
 -2.20658339 -2.20658339 -2.20658339 -2.20658339 -2.20723015 -2.21601636
 -2.21601636 -2.21601636 -2.21601636 -2.21601636 -2.21601636 -2.2198427
 -2.2198427  -2.2198427  -2.2198427  -2.34413085 -2.34413085 -2.34413085
 -2.34413085 -2.34413085 -2.34413085 -2.34413085 -2.36101998 -2.36101998
 -2.36101998 -2.36736495 -2.36736495 -2.36736495 -2.36736495 -2.36736495
 -2.37337757 -2.37337757 -2.37337757 -2.37337757 -2.37897399 -2.37897399
 -2.40126246 -2.40126246 -2.40126246 -2.40126246 -2.40126246 -2.43072075
 -2.46154352 -2.46154352 -2.46154352 -2.46154352 -2.46154352 -2.46154352
 -2.46154352 -2.46154352 -2.46721012 -2.47641361 -2.47641361 -2.47641361
 -2.47641361 -2.48869347 -2.48869347 -2.48869347 -2.49311249 -2.49311249
 -2.49311249 -2.49311249 -2.49311249 -2.49311249 -2.49399952 -2.49399952
 -2.49491108 -2.50331959 -2.50331959 -2.50331959 -2.50331959 -2.50331959
 -2.50331959 -2.50850175 -2.50850175 -2.50850175 -2.50850175 -2.50850175
 -2.50850175 -2.50850175 -2.51408042 -2.51408042 -2.51408042 -2.51408042
 -2.51408042 -2.51408042 -2.51408042 -2.51408042 -2.51408042 -2.51408042
 -2.51691009 -2.51691009 -2.51750962 -2.51750962 -2.51902461 -2.51902461
 -2.51902461 -2.52033757 -2.52033757 -2.52189842 -2.52227098 -2.52227098
 -2.52227098 -2.52227098 -2.52413586 -2.52413586 -2.52413586 -2.52413586
 -2.52413586 -2.5261092  -2.5261092  -2.5261092  -2.5261092  -2.5261092
 -2.52657902 -2.52680422 -2.52680422 -2.52680422 -2.52680422 -2.52680422
 -2.52680422 -2.52680422 -2.52680422 -2.52680422 -2.52680422 -2.52680422
 -2.52680422 -2.52680422 -2.52680422 -2.52680422 -2.52680422 -2.52680422
 -2.52680422 -2.52680422 -2.52680422 -2.52680422 -2.52680422 -2.52680422
 -2.52680422 -2.52680422 -2.52680422 -2.52680422 -2.52680422 -2.52680422
 -2.52680422 -2.52680422 -2.52680422 -2.52680422 -2.52680422 -2.52680422
 -2.52680422 -2.52680422 -2.52680422 -2.52680422 -2.52680422 -2.52680422
 -2.52680422 -2.52680422 -2.52680422 -2.52680422 -2.52680422 -2.52680422
 -2.52680422 -2.52680422 -2.52680422 -2.52680422]
[-1.63447425 -1.63447425 -1.63447425 -1.71847163 -2.08448828 -2.08448828
 -2.08448828 -2.08448828 -2.08448828 -2.09855194 -2.11001784 -2.11001784
 -2.11001784 -2.11001784 -2.11001784 -2.12750161 -2.15263083 -2.38496778
 -2.38496778 -2.69057051 -2.69057051 -2.69057051 -2.69057051 -2.69057051
 -2.69057051 -2.69057051 -2.69057051 -2.69057051 -2.7123751  -2.7123751
 -2.7123751  -2.71840859 -2.71840859 -2.71840859 -2.9114551  -2.9114551
 -2.9114551  -2.9114551  -2.9114551  -2.9114551  -2.9114551  -2.9114551
 -2.9114551  -2.9114551  -2.94342317 -2.94342317 -2.94342317 -2.94342317
 -2.94342317 -2.94342317 -2.94342317 -2.94342317 -2.94342317 -2.94342317
 -2.95323304 -2.95323304 -2.95323304 -2.95323304 -2.95323304 -2.95323304
 -2.95323304 -2.95323304 -2.95323304 -2.95323304 -2.95323304 -2.95590238
 -2.95922128 -2.95922128 -2.96131084 -2.96131084 -2.96191045 -2.96191045
 -2.96191045 -2.96191045 -2.96191045 -2.96191045 -2.96198258 -2.96198258
 -2.96198258 -2.96346815 -2.96346815 -2.96346815 -2.96346815 -2.96346815
 -2.96346815 -2.96346815 -2.96346815 -2.96413496 -2.96413496 -2.96705414
 -2.96705414 -2.96705414 -2.96705414 -2.96705414 -2.96705414 -2.96705414
 -2.96705414 -2.96705414 -2.99702777 -2.99702777 -2.99702777 -2.99702777
 -2.99702777 -2.99702777 -2.99702777 -2.99865768 -2.99865768 -2.99865768
 -2.99865768 -2.99865768 -2.99947289 -2.99947289 -2.99947289 -2.99947289
 -2.99947289 -2.99947289 -3.00000521 -3.00000521 -3.00000521 -3.00000521
 -3.00089925 -3.00089925 -3.00089925 -3.00089925 -3.00089925 -3.00089925
 -3.00089925 -3.00089925 -3.00115268 -3.00115268 -3.00115268 -3.00115268
 -3.00115268 -3.00115268 -3.00123476 -3.00174442 -3.00233153 -3.00233153
 -3.00233153 -3.00233153 -3.00233153 -3.00233153 -3.00233153 -3.00237781
 -3.00237781 -3.00237781 -3.00237781 -3.00237781 -3.00237781 -3.00244265
 -3.00244265 -3.00244265 -3.00244265 -3.00244265 -3.00244265 -3.00244265
 -3.00244265 -3.00244265 -3.00244265 -3.00244265 -3.00244265 -3.00244265
 -3.00244265 -3.00244265 -3.00244265 -3.00244265 -3.00244265 -3.00244265
 -3.00254096 -3.00254096 -3.00254096 -3.00254096 -3.00254096 -3.00254096
 -3.00254096 -3.00254096 -3.00254096 -3.00254096 -3.00254096 -3.00254096
 -3.00254096 -3.00254096 -3.00254096 -3.00254096 -3.00254096 -3.00254096
 -3.00254096 -3.00254096 -3.00254096 -3.00254096 -3.00254096 -3.00254096
 -3.00254096 -3.00254096 -3.00254096 -3.00254096 -3.00254096 -3.00254096
 -3.00254096 -3.00254096 -3.00254096 -3.00254096 -3.00254096 -3.00254096
 -3.00254096 -3.00254096 -3.00254096 -3.00254096 -3.00254096 -3.00254096
 -3.00254096 -3.00254096 -3.00254096 -3.00254096 -3.00254096 -3.00254096
 -3.00254096 -3.00254096 -3.00254096]
[-1.58424317 -1.94162399 -1.94162399 -1.94162399 -1.94162399 -2.38936492
 -2.38936492 -2.38936492 -2.38936492 -2.38936492 -2.38936492 -2.38936492
 -2.38936492 -2.38936492 -2.38936492 -2.38936492 -2.55996798 -2.55996798
 -2.58861993 -2.58861993 -2.58861993 -2.58861993 -2.58861993 -2.63551191
 -2.6393312  -2.66852956 -2.66852956 -2.66852956 -2.66852956 -2.68001696
 -2.68332972 -2.69661755 -2.69661755 -2.69661755 -2.69661755 -2.69661755
 -2.77400971 -2.77400971 -2.77400971 -2.77400971 -2.77400971 -2.77575362
 -2.77575362 -2.77575362 -2.77575362 -2.78479052 -2.78479052 -2.79883496
 -2.79883496 -2.89182961 -2.93334598 -2.93334598 -2.93334598 -2.93334598
 -2.93334598 -2.93334598 -2.93842179 -2.93842179 -2.93842179 -2.93842179
 -2.93842179 -2.93842179 -2.93842179 -2.95072405 -2.95072405 -2.95072405
 -2.95072405 -2.95072405 -2.95072405 -2.95072405 -2.95072405 -2.96234372
 -2.96608838 -2.96608838 -2.96608838 -2.96608838 -2.96608838 -2.96608838
 -2.96608838 -2.96788456 -2.96860073 -2.96961089 -2.96997546 -2.96997546
 -2.97491469 -2.98803358 -2.98803358 -2.98803358 -2.98958818 -2.98958818
 -2.98958818 -2.98958818 -2.98958818 -2.99628138 -2.99628138 -2.99628138
 -2.99936254 -3.00264115 -3.00264115 -3.00264115 -3.00264115 -3.00264115
 -3.00264115 -3.00264115 -3.00264115 -3.00264115 -3.00264115 -3.00264115
 -3.00264115 -3.00264115 -3.00402944 -3.00402944 -3.00425519 -3.00425519
 -3.00427085 -3.00427085 -3.00439337 -3.00439337 -3.00439337 -3.00439337
 -3.0052258  -3.0052258  -3.0052258  -3.0052258  -3.0052258  -3.0052258
 -3.00596726 -3.00596726 -3.00596726 -3.00596726 -3.00596726 -3.00596726
 -3.00596726 -3.00596726 -3.00596726 -3.00596726 -3.0059966  -3.0059966
 -3.0059966  -3.0059966  -3.0059966  -3.0059966  -3.0059966  -3.0059966
 -3.0059966  -3.0059966  -3.0059966  -3.0059966  -3.0059966  -3.0059966
 -3.0059966  -3.0059966  -3.0059966  -3.0059966  -3.0059966  -3.0059966
 -3.0059966  -3.0059966  -3.0059966  -3.0059966  -3.0059966  -3.0059966
 -3.0059966  -3.0059966  -3.0059966  -3.0059966  -3.0059966  -3.0064211
 -3.0064211  -3.0064211  -3.0064211  -3.0064211  -3.00669968 -3.00669968
 -3.00669968 -3.00669968 -3.00669968 -3.00669968 -3.00724394 -3.00724394
 -3.00800877 -3.00800877 -3.00800877 -3.00800877 -3.00800877 -3.0084972
 -3.0084972  -3.0084972  -3.00855507 -3.00855507 -3.00855507 -3.00855507
 -3.00855507 -3.00855507 -3.00867218 -3.00869443 -3.00874137 -3.00874137
 -3.00875404 -3.00875404 -3.00875404 -3.00875404 -3.00875404 -3.00875404
 -3.00875404 -3.00875404 -3.00875404 -3.00875404 -3.00875404 -3.00875404
 -3.00875404 -3.00875404 -3.00875404 -3.00875404 -3.00875404 -3.00875404
 -3.00875404 -3.00875404 -3.00875404 -3.00875404 -3.00875404 -3.00879366
 -3.00879366 -3.00879366 -3.00879366 -3.00879366 -3.00879366 -3.00879366
 -3.00879366 -3.00879366 -3.00879366 -3.00879366 -3.00879366 -3.00879366
 -3.00879366 -3.00879366 -3.00879366 -3.00879366 -3.00879366 -3.00879366
 -3.00879366 -3.00879366 -3.00879366 -3.00879366 -3.00879366 -3.00879366
 -3.00879366 -3.00879366 -3.00879366 -3.00879366 -3.00879606 -3.00879606
 -3.00879606 -3.00879606 -3.00879606 -3.00879606 -3.00879606 -3.00879606
 -3.00879606 -3.00879606 -3.00879606 -3.00879606 -3.00879606 -3.00879606
 -3.00879606 -3.00879606 -3.00879606 -3.00879606 -3.00879606 -3.00879606
 -3.00879606 -3.00879606 -3.00879606 -3.00879606 -3.00879606 -3.00879606
 -3.00879606 -3.00879606 -3.00879606 -3.00879606 -3.00879606 -3.00879606
 -3.00879606 -3.00879606 -3.00879606 -3.00879606 -3.00879606 -3.00879606
 -3.00879606 -3.00879606 -3.00879606 -3.00879606 -3.00879606 -3.00879606
 -3.00879606 -3.00879606 -3.00879606 -3.00879606 -3.00879606 -3.00879606
 -3.00879606]
[-1.73262986 -1.73262986 -1.74610329 -1.74610329 -1.74610329 -2.32332763
 -2.32332763 -2.32332763 -2.32332763 -2.32332763 -2.32332763 -2.32332763
 -2.38404562 -2.38404562 -2.38404562 -2.38404562 -2.38404562 -2.38404562
 -2.51808798 -2.62375177 -2.62375177 -2.62480728 -2.62480728 -2.62480728
 -2.62480728 -2.62480728 -2.62797131 -2.62797131 -2.66123283 -2.66299199
 -2.66299199 -2.66299199 -2.66299199 -2.68199794 -2.68199794 -2.68199794
 -2.68199794 -2.68199794 -2.68199794 -2.68199794 -2.68199794 -2.68199794
 -2.68199794 -2.68199794 -2.68199794 -2.68199794 -2.68289785 -2.68516335
 -2.68516335 -2.68573637 -2.94299748 -2.94299748 -2.94299748 -2.94299748
 -2.94299748 -2.94299748 -2.94299748 -2.94299748 -2.94299748 -2.94299748
 -2.94299748 -2.94299748 -2.94299748 -2.94299748 -2.94299748 -2.94299748
 -2.96191407 -2.96191407 -2.98655621 -2.98655621 -2.98655621 -2.98655621
 -2.98655621 -2.98655621 -2.99583475 -2.99583475 -2.99583475 -2.99583475
 -2.99583475 -2.99583475 -2.99583475 -2.99583475 -2.99583475 -2.99583475
 -2.99583475 -2.99583475 -2.99583475 -2.99583475 -2.99583475 -2.99822028
 -2.9995303  -2.9995303  -2.9995303  -3.00261528 -3.00261528 -3.00261528
 -3.00261528 -3.00261528 -3.00261528 -3.00261528 -3.00273152 -3.00273152
 -3.00273152 -3.00273152 -3.00273152 -3.00288862 -3.00288862 -3.00288862
 -3.00288862 -3.00340552 -3.00340552 -3.00419586 -3.00419586 -3.00419586
 -3.00419586 -3.00419586 -3.00419586 -3.00419586 -3.00419586 -3.00440139
 -3.00440139 -3.00440139 -3.00440139 -3.00440139 -3.00440139 -3.00440139
 -3.00440139 -3.00440139 -3.00440139 -3.00440139 -3.00440139 -3.00440139
 -3.00440139 -3.00440139 -3.00440139 -3.00448285 -3.00449504 -3.00449504
 -3.00449504 -3.00449504 -3.00449504 -3.00449504 -3.00449504 -3.00449504
 -3.00449504 -3.00450247 -3.00450247 -3.00450247 -3.00450247 -3.00450247
 -3.00457485 -3.00457485 -3.00457485 -3.00457485 -3.00457485 -3.00457485
 -3.00457485 -3.00457485 -3.00457485 -3.00457485 -3.00457485 -3.00457485
 -3.00457485 -3.00457485 -3.00457485 -3.00461533 -3.00464146 -3.00464146
 -3.00464146 -3.00464146 -3.00464146 -3.00464146 -3.00464146 -3.00464146
 -3.00464146 -3.00464146 -3.00464146 -3.00464146 -3.00464146 -3.00464146
 -3.00464146 -3.00464146 -3.00464146 -3.00464146 -3.00464146 -3.00464146
 -3.00464146 -3.00464146 -3.00464146 -3.00464146 -3.00464146 -3.00464146
 -3.00464146 -3.00464146 -3.00464146 -3.00464146 -3.00464146 -3.00464146
 -3.00464146 -3.00464146 -3.00464146 -3.00464146 -3.00464146 -3.00464146
 -3.00464146 -3.00464146 -3.00464146 -3.00464146 -3.00464146 -3.00464146
 -3.00464146 -3.00464146 -3.00464146 -3.00464146 -3.00464146 -3.00464146
 -3.00464146]
[-1.7793682  -1.7793682  -2.02118052 -2.02118052 -2.02118052 -2.02118052
 -2.02118052 -2.02118052 -2.02118052 -2.02118052 -2.02118052 -2.02118052
 -2.02118052 -2.02118052 -2.14881506 -2.14881506 -2.14881506 -2.18610267
 -2.18610267 -2.18610267 -2.2246764  -2.2246764  -2.32771169 -2.32771169
 -2.42725817 -2.42725817 -2.42725817 -2.42725817 -2.42725817 -2.42725817
 -2.42725817 -2.42725817 -2.42725817 -2.44711564 -2.44711564 -2.44711564
 -2.44711564 -2.46074793 -2.46074793 -2.46074793 -2.46768803 -2.46768803
 -2.46768803 -2.47131508 -2.47131508 -2.57096648 -2.57096648 -2.57096648
 -2.57096648 -2.57096648 -2.57096648 -2.57096648 -2.57096648 -2.58623465
 -2.58623465 -2.58623465 -2.58623465 -2.58623465 -2.60165561 -2.60165561
 -2.61889054 -2.61889054 -2.61889054 -2.61889054 -2.61889054 -2.62211522
 -2.62211522 -2.62211522 -2.62211522 -2.62211522 -2.62211522 -2.62211522
 -2.62211522 -2.62211522 -2.62211522 -2.62211522 -2.62211522 -2.62211522
 -2.62369175 -2.62378016 -2.62588525 -2.62607591 -2.62607591 -2.62607591
 -2.62607591 -2.62607591 -2.62607591 -2.62607591 -2.62607591 -2.62607591
 -2.62607591 -2.62607591 -2.62614758 -2.62669882 -2.62669882 -2.6293224
 -2.6293224  -2.6293224  -2.6293224  -2.6293224  -2.6293224  -2.6293224
 -2.6293224  -2.6293224  -2.6293224  -2.6293224  -2.6293224  -2.6293224
 -2.6293224  -2.6293224  -2.6293224  -2.6293224  -2.6293224  -2.6293224
 -2.6293224  -2.6293224  -2.6293224  -2.6293224  -2.6293224  -2.6293224
 -2.6293224  -2.62952304 -2.62952304 -2.62997594 -2.62997594 -2.62997594
 -2.62997594 -2.62997594 -2.62997594 -2.62997594 -2.62997594 -2.62997594
 -2.62997594 -2.62997594 -2.62997594 -2.62997594 -2.62997594 -2.62997594
 -2.62997594 -2.62997594 -2.62997594 -2.62997594 -2.62997594 -2.63019263
 -2.63110129 -2.63110129 -2.63110129 -2.63110129 -2.63110129 -2.63110129
 -2.63110129 -2.63110129 -2.63110129 -2.63110129 -2.63110129 -2.63118639
 -2.63118639 -2.63118639 -2.63118639 -2.63118639 -2.63118639 -2.63118639
 -2.63118639 -2.63219317 -2.63219317 -2.63219317 -2.63219317 -2.63219317
 -2.63219317 -2.63219317 -2.63219317 -2.63219317 -2.63219317 -2.63219317
 -2.63219317 -2.63219317 -2.63219317 -2.63219317 -2.63219317 -2.63219317
 -2.63219317 -2.63219317 -2.63219317 -2.63219317 -2.63219317 -2.63219317
 -2.63219317 -2.63219317 -2.63219317 -2.63219317 -2.63219317 -2.63219317
 -2.63219317 -2.63219317 -2.63219317 -2.63219317 -2.63219317 -2.63219317
 -2.63219317 -2.63219317 -2.63219317 -2.63219317 -2.63219317 -2.63219317
 -2.63219317 -2.63219317 -2.63219317 -2.63219317 -2.63219317 -2.63219317
 -2.63219317 -2.63219317 -2.63219317 -2.63219317]
[-0.43364534 -1.88379444 -1.88379444 -1.88379444 -1.88379444 -1.88379444
 -1.88379444 -1.88379444 -1.88379444 -1.88379444 -1.89947765 -1.89947765
 -2.09596498 -2.09596498 -2.09596498 -2.19489378 -2.19489378 -2.19489378
 -2.27615006 -2.27615006 -2.27615006 -2.50817902 -2.50817902 -2.50817902
 -2.50817902 -2.50817902 -2.50817902 -2.50817902 -2.50817902 -2.50817902
 -2.50817902 -2.50817902 -2.50817902 -2.50817902 -2.50817902 -2.50817902
 -2.50817902 -2.50817902 -2.50817902 -2.50817902 -2.50817902 -2.50817902
 -2.50817902 -2.50817902 -2.50817902 -2.50817902 -2.50817902 -2.51517119
 -2.51517119 -2.51517119 -2.51517119 -2.51517119 -2.52323468 -2.59455891
 -2.59455891 -2.59455891 -2.59455891 -2.67170286 -2.67170286 -2.67170286
 -2.67170286 -2.67170286 -2.67170286 -2.67170286 -2.67170286 -2.67170286
 -2.67170286 -2.69104955 -2.69104955 -2.69104955 -2.7327698  -2.7327698
 -2.7327698  -2.7327698  -2.7327698  -2.7327698  -2.7327698  -2.7327698
 -2.7327698  -2.7327698  -2.7327698  -2.7327698  -2.74414086 -2.74414086
 -2.74414086 -2.7465013  -2.7465013  -2.7465013  -2.7465013  -2.7465013
 -2.7465013  -2.7495775  -2.75407384 -2.75407384 -2.75407384 -2.75407384
 -2.76211297 -2.76211297 -2.76211297 -2.76211297 -2.79838893 -2.79838893
 -2.79838893 -2.79838893 -2.79838893 -2.84484497 -2.84484497 -2.84484497
 -2.84484497 -2.84484497 -2.84484497 -2.84484497 -2.96597031 -2.96597031
 -2.96597031 -2.96597031 -2.96714799 -2.96714799 -2.97507973 -2.99974927
 -2.99974927 -2.99974927 -2.99974927 -2.99974927 -2.99974927 -2.99974927
 -2.99974927 -2.99974927 -3.00004612 -3.00113597 -3.00113597 -3.00113597
 -3.00113597 -3.00113597 -3.00113597 -3.00113597 -3.00113597 -3.00113597
 -3.00113597 -3.00113597 -3.00113597 -3.00113597 -3.00220341 -3.00220341
 -3.00220341 -3.00220341 -3.00220341 -3.00220341 -3.00220341 -3.00220341
 -3.00220341 -3.00220341 -3.00220341 -3.00220341 -3.00236977 -3.00236977
 -3.00236977 -3.00236977 -3.00236977 -3.00236977 -3.00329481 -3.00329481
 -3.00329481 -3.00329481 -3.00329481 -3.00329481 -3.00329481 -3.00329481
 -3.00329481 -3.00329481 -3.00329481 -3.00329481 -3.00329481 -3.00329481
 -3.00329481 -3.00329481 -3.00329481 -3.00329481 -3.00329481 -3.00329481
 -3.00329481 -3.00329481 -3.00329481 -3.00329481 -3.00329481 -3.00329481
 -3.00329481 -3.00329481 -3.00329481 -3.00329481 -3.00329481 -3.00329481
 -3.00329481 -3.00329481 -3.00329481 -3.00329481 -3.00329481 -3.00329481
 -3.00329481 -3.00329481 -3.00329481 -3.00329481 -3.00329481 -3.00329481
 -3.00329481 -3.00329481 -3.00329481 -3.00329481 -3.00329481 -3.00329481
 -3.00329481]
[-1.59903022 -1.59903022 -1.59903022 -1.59903022 -1.78438405 -1.78438405
 -1.78438405 -1.78438405 -1.79569196 -1.79569196 -2.37714223 -2.37714223
 -2.37714223 -2.37714223 -2.37714223 -2.37714223 -2.37714223 -2.37714223
 -2.37714223 -2.37714223 -2.37714223 -2.37714223 -2.37714223 -2.37714223
 -2.37714223 -2.37714223 -2.37714223 -2.37714223 -2.37714223 -2.37714223
 -2.37714223 -2.37714223 -2.37714223 -2.37714223 -2.4576008  -2.50132114
 -2.50132114 -2.50132114 -2.50132114 -2.50132114 -2.50132114 -2.61292017
 -2.61292017 -2.61355449 -2.61355449 -2.61355449 -2.61355449 -2.61355449
 -2.69136705 -2.69136705 -2.69136705 -2.70514612 -2.70514612 -2.78450605
 -2.78450605 -2.78450605 -2.78450605 -2.78450605 -2.78450605 -2.78645893
 -2.78645893 -2.78645893 -2.79459259 -2.79459259 -2.82583076 -2.82583076
 -2.82583076 -2.82583076 -2.82583076 -2.82583076 -2.82583076 -2.82583076
 -2.82583076 -2.82583076 -2.82583076 -2.98522459 -2.98522459 -2.98522459
 -2.98522459 -2.99171298 -2.99171298 -2.99171298 -2.99171298 -2.99171298
 -2.99171298 -2.99171298 -2.99171298 -2.99171298 -2.99171298 -2.99171298
 -2.99171298 -3.0008507  -3.0008507  -3.0008507  -3.0008507  -3.0008507
 -3.0008507  -3.0008507  -3.0008507  -3.00278374 -3.00278374 -3.00278374
 -3.00278374 -3.00278374 -3.00291432 -3.00291432 -3.00291432 -3.00303468
 -3.00319474 -3.00319474 -3.00319474 -3.00319474 -3.00319474 -3.00334547
 -3.00334547 -3.00334547 -3.00334547 -3.00381141 -3.00381141 -3.00381141
 -3.00381141 -3.00404635 -3.00404635 -3.00404635 -3.00404635 -3.00407442
 -3.00407442 -3.00407442 -3.00410029 -3.00420991 -3.00435869 -3.00435869
 -3.00435869 -3.00435869 -3.00435869 -3.00435869 -3.00468421 -3.00468421
 -3.00468421 -3.00468421 -3.00468421 -3.00474035 -3.00474035 -3.00474035
 -3.00474035 -3.00474035 -3.00474035 -3.00474035 -3.00474035 -3.00474035
 -3.00474035 -3.00481091 -3.00481091 -3.00481091 -3.00481091 -3.00481091
 -3.00481091 -3.00497695 -3.00497695 -3.00497695 -3.00497695 -3.00497695
 -3.00497695 -3.00497695 -3.00497695 -3.00497695 -3.00497695 -3.00497695
 -3.00497695 -3.00497695 -3.00497695 -3.00497695 -3.00497695 -3.00497695
 -3.00497695 -3.00497695 -3.00497695 -3.00497695 -3.00497695 -3.00497695
 -3.00497695 -3.00497695 -3.00497695 -3.00497695 -3.00497695 -3.00497695
 -3.00497695 -3.00497695 -3.00497695 -3.00497695 -3.00497695 -3.00497695
 -3.00497695 -3.00497695 -3.00497695 -3.00497695 -3.00497695 -3.00497695
 -3.00497695 -3.00497695 -3.00497695 -3.00497695 -3.00497695 -3.00497695
 -3.00497695 -3.00497695 -3.00497695 -3.00497695]
