[586.82431121 299.7833107  561.56862745 800.         771.76470588
 238.43137255   0.          28.23529412]
[593.71576542 234.51952869  31.37254902 564.70588235 800.
 768.62745098 235.29411765   0.        ]
[501.61024739 370.19607843 770.19607843 800.         800.
 429.80392157  29.80392157   0.           0.        ]
[438.4159488  690.19607843 800.         795.51820728 338.37535014
   0.           0.         233.05322129]
[501.96078431 370.19607843 770.19607843 800.         800.
 429.80392157  29.80392157   0.           0.        ]
[503.26477314 370.19607843 770.19607843 800.         800.
 429.80392157  29.80392157   0.           0.        ]
[278.759215   585.29725284  31.37254902 564.70588235 800.
 768.62745098 235.29411765   0.        ]
[499.21845124 370.19607843 770.19607843 800.         800.
 429.80392157  29.80392157   0.           0.        ]
[571.63784473 335.68627451 298.03921569 800.         800.
 501.96078431   0.           0.        ]
[497.79454574 370.19607843 770.19607843 800.         800.
 429.80392157  29.80392157   0.           0.        ]
