[2.31010286 2.31010286 2.27889699 2.27889699 2.27889699 2.27889699
 2.27889699 2.25868352 2.25868352 2.25103749 2.24900921 2.24900921
 2.24900921 2.24900921 2.24900921 2.24851523 2.24848916 2.24848916
 2.24848916 2.24848916 2.24848916 2.24848916 2.24848916 2.24848916
 2.24848916 2.24848916 2.24848916 2.24848916 2.23546372 2.23546372
 2.23546372 2.23546372 2.22728957 2.22728957 2.22728957 2.22728957
 2.22728957 2.22728957 2.22728957 2.22728957 2.22728957 2.22728957
 2.22728957 2.22728957 2.22728957 2.22728957 2.22728957 2.22728957
 2.22728957 2.22728957 2.22728957 2.22728957 2.22728957 2.22728957
 2.22728957 2.22728957 2.22728957 2.22602738 2.22602738 2.22602738
 2.22602738 2.22602738 2.22602738 2.22602738 2.22598065 2.22594332
 2.22588167 2.22588167 2.22580641 2.22580641 2.22580641 2.22580239
 2.22580239 2.22580239 2.22580239 2.22580239 2.22580239 2.22580239
 2.22580239 2.2257971  2.2257971  2.2257971  2.2257971  2.2257971
 2.2257971  2.2257971  2.2257971  2.2257971  2.2257971  2.2257971
 2.2257971  2.2257971  2.2257971  2.2257971  2.2257971  2.2257971
 2.2257971  2.2257971  2.2257971  2.2257971  2.2257971  2.2257971
 2.22579522 2.22579522 2.22579522 2.22579522 2.22579522 2.22579522
 2.22579522 2.22579522 2.22579522 2.22579522 2.22579522 2.22579522
 2.22579522 2.22579522 2.22579522 2.22579522 2.22579522 2.22579522
 2.22579522 2.22579522 2.22579522 2.22579522 2.22579522 2.22579522
 2.22579522 2.22579522 2.22579522 2.22579522 2.22579522 2.22579522
 2.22579522 2.22579522 2.22579522 2.22579522 2.22579522 2.22579522
 2.22579522 2.22579522 2.22579522 2.22579522 2.22579522 2.22579522
 2.22579522 2.22579522 2.22579522 2.22579522 2.22579522 2.22579522
 2.22579522 2.22579522 2.22579522]
[2.42051591 2.29793404 2.27697791 2.27697791 2.27697791 2.27697791
 2.27697791 2.27697791 2.27697791 2.27476413 2.27476413 2.26857832
 2.26857832 2.26208204 2.26208204 2.26208204 2.25231387 2.25231387
 2.25231387 2.25231387 2.24844734 2.24844734 2.23682699 2.23682699
 2.23682699 2.23670891 2.23658705 2.23658705 2.23475759 2.23475759
 2.23475759 2.23159793 2.23066263 2.23066263 2.23066263 2.23066263
 2.23003802 2.23003802 2.23003802 2.22946176 2.22946176 2.22940496
 2.22654641 2.22654641 2.22654641 2.22654641 2.22654641 2.22610265
 2.22610265 2.22607089 2.22577435 2.22577435 2.22576078 2.22576078
 2.22574586 2.22574586 2.22574586 2.2257315  2.2257315  2.2257315
 2.22572308 2.22572308 2.22572182 2.22572182 2.22572182 2.22572182
 2.22572182 2.22572182 2.22572182 2.22572182 2.22572182 2.22572182
 2.22572182 2.22572182 2.22572182 2.22572182 2.22572182 2.22572182
 2.22572182 2.22572182 2.22572182 2.22572182 2.22572182 2.22572182
 2.22572182 2.22572182 2.22572182 2.22572182 2.22572182 2.22572182
 2.22572182 2.22572182 2.22572182 2.22572182 2.22572182 2.22572182
 2.22572182 2.22572182 2.22572182 2.22572182 2.22572182 2.22572182
 2.22572182 2.22572182 2.22572182 2.22572182 2.22572182 2.22572182
 2.22572182 2.22572182 2.22572182 2.22572182 2.22572182]
[2.32892883 2.23875711 2.23875711 2.23875711 2.23875711 2.23875711
 2.23875711 2.23875711 2.23875711 2.23875711 2.23875711 2.23875711
 2.23875711 2.23875711 2.23875711 2.23875711 2.23875711 2.23875711
 2.23875711 2.23875711 2.23875711 2.23875711 2.23875711 2.23875711
 2.23875711 2.23875711 2.23615858 2.23615858 2.23615858 2.23615858
 2.23615858 2.23615858 2.23615858 2.23615858 2.23332989 2.23332989
 2.23332989 2.21745074 2.21741691 2.21741691 2.21741691 2.21741691
 2.21711362 2.21711362 2.21494187 2.21494187 2.21494187 2.21479001
 2.21479001 2.21457388 2.21356858 2.21356858 2.21356858 2.21356858
 2.21354802 2.21354802 2.21354802 2.21354802 2.21354802 2.21354802
 2.21354802 2.21354802 2.21354802 2.21353313 2.21353309 2.21353309
 2.21350959 2.21350959 2.21350959 2.21350959 2.21350959 2.21350959
 2.21350959 2.21350959 2.21350959 2.21350232 2.21350232 2.21350232
 2.21349694 2.21349694 2.21349694 2.21349694 2.21349323 2.21349323
 2.21349323 2.21349323 2.21349323 2.21349323 2.21349323 2.21349323
 2.21349323 2.21349323 2.21349323 2.21349323 2.21349323 2.21349323
 2.21349323 2.21349323 2.21349323 2.21349323 2.21349323 2.21349323
 2.21349323 2.21349323 2.21349323 2.21349323 2.21349323 2.21349323
 2.21349323 2.21349323 2.21349323 2.21349323 2.21349323 2.21349323
 2.21349323 2.21349323 2.21349323 2.21349323 2.21349323 2.21349323
 2.21349323 2.21349323 2.21349323 2.21349323 2.21349323 2.21349323
 2.21349323 2.21349323 2.21349323 2.21349323 2.21349323 2.21349323
 2.21349323]
[2.30349847 2.26840004 2.26840004 2.26840004 2.26840004 2.26840004
 2.26840004 2.26840004 2.26840004 2.26515131 2.26515131 2.26515131
 2.26515131 2.26515131 2.26515131 2.24752451 2.24752451 2.24197999
 2.24197999 2.2397684  2.2397684  2.2397684  2.23738741 2.23738741
 2.23738741 2.23738741 2.23664831 2.23664831 2.23664831 2.23664831
 2.23664831 2.23664831 2.23664831 2.23664831 2.23664831 2.23659768
 2.23659768 2.23659768 2.23659768 2.23659768 2.23659768 2.23659617
 2.23659617 2.23659617 2.23659617 2.23659617 2.23658695 2.23658695
 2.23658695 2.23657997 2.23657997 2.23657997 2.23657997 2.23657997
 2.23657811 2.23657811 2.23657811 2.23657811 2.23657811 2.23657811
 2.23657811 2.23657811 2.23657811 2.23657811 2.23657811 2.23657811
 2.23657811 2.23657811 2.23657811 2.23657811 2.23657595 2.23657595
 2.23657595 2.23657595 2.23657595 2.23657595 2.23657595 2.23657595
 2.23657595 2.23657595 2.23657595 2.23657587 2.23657587 2.23657587
 2.23657587 2.23657587 2.23657587 2.23657587 2.23657587 2.23657587
 2.23657587 2.23657587 2.23657587 2.23657587 2.23657587 2.23657587
 2.23657587 2.23657587 2.23657587 2.23657587 2.23657587 2.23657587
 2.23657587 2.23657587 2.23657587 2.23657587 2.23657587 2.23657587
 2.23657587 2.23657587 2.23657587 2.23657587 2.23657587 2.23657587
 2.23657587 2.23657587 2.23657587 2.23657587 2.23657587 2.23657587
 2.23657587]
[2.29713035 2.29713035 2.29713035 2.29713035 2.29713035 2.29713035
 2.29713035 2.2527764  2.2527764  2.2527764  2.2527764  2.2527764
 2.2527764  2.2527764  2.2527764  2.2527764  2.2401936  2.2401936
 2.23705759 2.23705759 2.23358179 2.23358179 2.23358179 2.22937756
 2.22937756 2.21778969 2.21647257 2.21647257 2.21647257 2.21391371
 2.21391371 2.21391371 2.21391371 2.21388441 2.21379896 2.21379896
 2.21379896 2.21379896 2.21356416 2.21356416 2.21354131 2.21354131
 2.21354131 2.21354131 2.21354131 2.21354131 2.21354131 2.21354131
 2.21354131 2.21353207 2.21349344 2.21349344 2.21349344 2.21349344
 2.21349344 2.21349344 2.21349344 2.21349344 2.21349344 2.21349344
 2.21349344 2.21349344 2.21349344 2.21349344 2.21349344 2.21349344
 2.21349344 2.21349344 2.21349344 2.21349344 2.21349344 2.21349344
 2.21349344 2.21349344 2.21349344 2.21349344 2.21349344 2.21349344
 2.21349344 2.21349344 2.21349344 2.21349344 2.21349344 2.21349344
 2.21349344 2.21349344 2.21349344 2.21349344 2.21349344 2.21349344
 2.21349344 2.21349344 2.21349344 2.21349344 2.21349344 2.21349344
 2.21349344 2.21349344 2.21349344 2.21349344 2.21349344]
[2.27032864 2.27032864 2.27032864 2.27032864 2.27032864 2.27032864
 2.26314748 2.26314748 2.26314748 2.26314748 2.26314748 2.2527764
 2.25123125 2.25123125 2.24589089 2.23696045 2.23696045 2.23696045
 2.23696045 2.23696045 2.23696045 2.23100713 2.23100713 2.23100713
 2.23100713 2.21579131 2.21579131 2.21579131 2.21579131 2.21579131
 2.21525352 2.21525352 2.21525352 2.21525352 2.21525352 2.21464299
 2.21434883 2.21420414 2.21388216 2.21388216 2.21388216 2.21363693
 2.21363693 2.21363693 2.21363693 2.21363693 2.21358569 2.21357245
 2.21357245 2.21357245 2.21357245 2.21357245 2.21357245 2.21357245
 2.21354224 2.21354224 2.21350448 2.21350448 2.21350448 2.21350448
 2.21350448 2.21350448 2.21350448 2.21350448 2.21350448 2.21350396
 2.21350396 2.21350396 2.21350396 2.21350396 2.21350396 2.21349288
 2.21349288 2.21349288 2.21349288 2.21349288 2.21349288 2.21349288
 2.21349288 2.21349288 2.21349288 2.21349288 2.21349288 2.21349288
 2.21349288 2.21349288 2.21349288 2.21349288 2.21349288 2.21349288
 2.21349288 2.21349288 2.21349288 2.21349288 2.21349288 2.21349288
 2.21349288 2.21349288 2.21349288 2.21349288 2.21349288 2.21349288
 2.21349288 2.21349288 2.21349288 2.21349288 2.21349288 2.21349288
 2.21349288 2.21349288 2.21349288 2.21349288 2.21349288 2.21349288
 2.21349288 2.21349288 2.21349288 2.21349288 2.21349288 2.21349288
 2.21349288 2.21349288]
[2.26848055 2.26848055 2.26848055 2.26848055 2.26848055 2.26848055
 2.26848055 2.25353365 2.25353365 2.24916486 2.24916486 2.24916486
 2.24706548 2.24408401 2.24381418 2.23996556 2.23763321 2.23763321
 2.23763321 2.23763321 2.23457588 2.23457588 2.23457588 2.23457588
 2.23457588 2.23457588 2.23457588 2.23457588 2.23457588 2.23457588
 2.23457588 2.23457588 2.23457588 2.23457588 2.23457588 2.23457588
 2.23457588 2.23457588 2.23457588 2.23457588 2.23457588 2.23457588
 2.23457588 2.23457588 2.23457588 2.23457588 2.23457588 2.23457588
 2.23457588 2.23457588 2.23457588 2.23457588 2.23457588 2.23457588
 2.23457588 2.23457588 2.23457588 2.23435835 2.23435835 2.23435835
 2.23435835 2.23435835 2.23435835 2.23435835 2.23435835 2.23435835
 2.23425242 2.23425242 2.23421767 2.23421767 2.23421767 2.2341869
 2.2341869  2.2341869  2.2341869  2.2341869  2.2341869  2.2341869
 2.23186512 2.23186512 2.23186512 2.23186512 2.23186512 2.23186512
 2.23186512 2.23186512 2.23060226 2.23060226 2.23060226 2.22677433
 2.22677433 2.22677433 2.22677433 2.22677433 2.22676286 2.22658188
 2.22658188 2.22658188 2.22658188 2.22643525 2.22634741 2.22634741
 2.22634741 2.22620191 2.22620191 2.22599172 2.22599172 2.22598198
 2.22598198 2.2258892  2.2258892  2.2258892  2.2258892  2.2258892
 2.22582971 2.22582971 2.22582971 2.22582971 2.22582971 2.22582971
 2.22582971 2.22577462 2.22577193 2.22576708 2.22576708 2.22576708
 2.22576708 2.22576708 2.22576708 2.22576708 2.22576708 2.22576708
 2.22576708 2.22576708 2.22576708 2.22576708 2.22576708 2.22576708
 2.22576708 2.22576708 2.22576708 2.22576708 2.22576708 2.22576708
 2.22576708 2.22576708 2.22576708 2.22576708 2.22576708 2.22576708
 2.22576708 2.22576708 2.22576708 2.22576708 2.22576708 2.22576708
 2.22576708 2.22576708 2.22576708 2.22576708 2.22576708 2.22576708
 2.22576708 2.22576708 2.22576708 2.22576708 2.22576708 2.22576708
 2.22576708 2.22576708 2.22576708 2.22576708 2.22576708 2.22576708]
[2.30175102 2.30175102 2.30175102 2.30175102 2.30175102 2.30175102
 2.30175102 2.30175102 2.30175102 2.30175102 2.27501902 2.27501902
 2.27192217 2.27192217 2.27192217 2.25657489 2.25657489 2.25657489
 2.25657489 2.23718101 2.23718101 2.23718101 2.23718101 2.23718101
 2.23718101 2.23657876 2.23657876 2.23657876 2.23657876 2.23657876
 2.23657876 2.23657876 2.23657876 2.21383221 2.21383221 2.21383221
 2.21383221 2.21383221 2.21383221 2.21383221 2.21383221 2.21383221
 2.21377804 2.21377804 2.21377804 2.21351827 2.21351827 2.21351827
 2.21351827 2.21351827 2.21351827 2.21351827 2.21351827 2.21351827
 2.21351827 2.21351079 2.21351079 2.21351079 2.21351079 2.21351079
 2.21350476 2.21350476 2.21350476 2.21350476 2.21350476 2.21350476
 2.21349542 2.21349542 2.21349542 2.21349542 2.21349542 2.21349542
 2.21349542 2.21349542 2.2134949  2.2134949  2.2134949  2.2134949
 2.2134949  2.2134949  2.2134949  2.2134949  2.2134949  2.2134949
 2.2134949  2.2134949  2.2134949  2.2134949  2.2134949  2.2134949
 2.2134949  2.2134949  2.2134949  2.2134949  2.2134949  2.2134949
 2.2134949  2.2134949  2.2134949  2.2134949  2.2134949  2.2134949
 2.2134949  2.2134949  2.2134949  2.2134949  2.2134949  2.2134949
 2.2134949  2.2134949  2.2134949  2.2134949  2.2134949  2.2134949
 2.2134949  2.2134949  2.2134949 ]
[2.41212143 2.36533196 2.33386994 2.26845923 2.26845923 2.26845923
 2.26845923 2.23579598 2.23579598 2.23579598 2.23579598 2.23579598
 2.23579598 2.23579598 2.23579598 2.23579598 2.23579598 2.23579598
 2.23579598 2.23579598 2.23579598 2.23579598 2.23579598 2.23579598
 2.23579598 2.23579598 2.23579598 2.23579598 2.23579598 2.23579598
 2.23579598 2.2355239  2.2355239  2.2355239  2.2355239  2.23268915
 2.23237758 2.23210407 2.23210407 2.23160867 2.2314319  2.2314319
 2.23134395 2.23134395 2.23134395 2.23134395 2.23134395 2.23134395
 2.23134395 2.23134395 2.23004569 2.23004569 2.23004569 2.23004569
 2.23004569 2.23004569 2.23004569 2.23004569 2.23004569 2.23004569
 2.23004569 2.23004569 2.23004569 2.22988507 2.22988507 2.22988507
 2.22988507 2.22988507 2.22988507 2.22988507 2.22988507 2.22988507
 2.22988507 2.22988507 2.22988507 2.22988507 2.22988507 2.22988507
 2.22986755 2.22986755 2.22986755 2.22986755 2.22986755 2.22986755
 2.22986392 2.22986392 2.22986392 2.22986392 2.22986392 2.22986392
 2.22984652 2.22984652 2.22984652 2.22984652 2.22984652 2.22984652
 2.22984652 2.22984652 2.22984652 2.22984652 2.22984652 2.22984652
 2.22984652 2.22984652 2.22984652 2.22984652 2.22984652 2.22984652
 2.22984652 2.22984652 2.22984652 2.22984652 2.22984652 2.22984652
 2.22984652 2.22984652 2.22984652 2.22984652 2.22984652 2.22984652
 2.22984652 2.22984652 2.22984652 2.22984652 2.22984652 2.22984652
 2.22984652 2.22984652 2.22984652 2.22984652 2.22984652 2.22984652
 2.22984652 2.22984652 2.22984652 2.22984652 2.22984652 2.22984652
 2.22984652 2.22984652 2.22984652]
[2.26834559 2.26834559 2.26834559 2.26834559 2.26834559 2.26834559
 2.26834559 2.26834559 2.26834559 2.26834559 2.26834559 2.26834559
 2.26834559 2.23665696 2.23665696 2.23665696 2.23665696 2.23665696
 2.23665696 2.23665696 2.23665696 2.23665696 2.22104954 2.21392234
 2.21375788 2.21375788 2.21375788 2.21375788 2.21361814 2.21361814
 2.21361814 2.21351447 2.21351447 2.21351447 2.21351447 2.21351447
 2.21351447 2.21351447 2.21351447 2.21351193 2.21351193 2.21351193
 2.21351193 2.21351193 2.21351193 2.21351193 2.21351193 2.21351193
 2.21350891 2.21350645 2.21350645 2.21350304 2.21350304 2.21350304
 2.21350304 2.21350304 2.21350304 2.21350304 2.21350304 2.21350304
 2.21350304 2.21350304 2.21350304 2.21350304 2.21350304 2.21350197
 2.21350197 2.21350042 2.21350042 2.21350042 2.21350042 2.21350042
 2.21350042 2.21350042 2.21350042 2.21349874 2.21349874 2.21349874
 2.21349874 2.21349874 2.21349874 2.21349874 2.21349874 2.21349874
 2.21349874 2.21349874 2.21349874 2.21349874 2.21349874 2.21349874
 2.21349874 2.21349874 2.21349874 2.21349874 2.21349874 2.21349874
 2.21349804 2.21349804 2.21349804 2.21349804 2.21349804 2.21349804
 2.21349804 2.21349804 2.21349804 2.21349804 2.21349804 2.21349804
 2.21349804 2.21349804 2.21349804 2.21349804 2.21349804 2.21349804
 2.21349804 2.21349804 2.21349804 2.21349804 2.21349804 2.21349804
 2.21349804 2.21349804 2.21349804 2.21349804 2.21349804 2.21349804]
