[   0.          505.26315789 1431.57894737 1094.73684211  505.26315789
  842.10526316 1515.78947368 1094.73684211    0.          673.68421053
 1600.          336.84210526  757.89473684 1431.57894737  168.42105263
  589.47368421 1347.36842105 1600.          421.05263158  842.10526316
 1178.94736842  252.63157895  673.68421053]
[ 842.10526316 1600.          336.84210526 1263.15789474    0.
  673.68421053 1600.          252.63157895  505.26315789  757.89473684
 1010.52631579    0.         1515.78947368  673.68421053  168.42105263
  505.26315789  926.31578947 1431.57894737 1094.73684211  842.10526316
   84.21052632  336.84210526 1431.57894737 1178.94736842  842.10526316]
[   0.          421.05263158 1600.          168.42105263 1347.36842105
  926.31578947  421.05263158    0.           84.21052632  673.68421053
 1094.73684211 1431.57894737  842.10526316 1094.73684211 1600.
   84.21052632  589.47368421 1347.36842105 1010.52631579  336.84210526
  757.89473684   84.21052632 1178.94736842]
[1010.52631579 1347.36842105   84.21052632  336.84210526 1178.94736842
  505.26315789 1600.           84.21052632 1010.52631579 1263.15789474
  505.26315789  168.42105263  673.68421053 1431.57894737  842.10526316
 1600.            0.          421.05263158 1094.73684211 1515.78947368
  168.42105263  421.05263158  673.68421053 1263.15789474 1515.78947368]
[1178.94736842 1600.          252.63157895  589.47368421  421.05263158
 1010.52631579  168.42105263 1263.15789474  421.05263158 1600.
  168.42105263  842.10526316  589.47368421 1263.15789474   84.21052632
  336.84210526  926.31578947  505.26315789  757.89473684 1600.
    0.          336.84210526  926.31578947  168.42105263 1178.94736842
 1600.        ]
