[-0.71568028 -1.70620215 -1.74389729 -1.8118794  -1.8118794  -1.89250301
 -1.89250301 -1.89250301 -1.89250301 -1.90545002 -1.96770537 -1.96770537
 -1.96770537 -1.96770537 -2.06759105 -2.06759105 -2.06759105 -2.06759105
 -2.06759105 -2.06759105 -2.06759105 -2.06759105 -2.06759105 -2.06759105
 -2.06759105 -2.06759105 -2.06759105 -2.09146824 -2.09146824 -2.09146824
 -2.09146824 -2.09146824 -2.09146824 -2.09146824 -2.09146824 -2.17645609
 -2.17645609 -2.17645609 -2.17645609 -2.17645609 -2.17645609 -2.17645609
 -2.17645609 -2.17645609 -2.17645609 -2.17645609 -2.17645609 -2.17645609
 -2.17645609 -2.17645609 -2.17645609 -2.17645609 -2.17645609 -2.17645609
 -2.17645609 -2.17645609 -2.17645609 -2.17645609 -2.17645609 -2.17645609
 -2.17645609]
[-0.71207529 -1.93225452 -1.93225452 -1.93225452 -1.93225452 -2.0097007
 -2.0097007  -2.0097007  -2.0097007  -2.0097007  -2.0097007  -2.0289075
 -2.0289075  -2.0289075  -2.04526745 -2.04526745 -2.04526745 -2.04526745
 -2.04526745 -2.04526745 -2.04526745 -2.04526745 -2.08235258 -2.08235258
 -2.08235258 -2.08235258 -2.08235258 -2.08235258 -2.08235258 -2.08235258
 -2.08235258 -2.08235258 -2.08235258 -2.08235258 -2.08235258 -2.1520654
 -2.1520654  -2.1520654  -2.1520654  -2.1520654  -2.1520654  -2.1520654
 -2.1520654  -2.1520654  -2.1520654  -2.1520654  -2.1520654  -2.1520654
 -2.1520654  -2.1520654  -2.1520654  -2.1520654  -2.1520654  -2.1520654
 -2.1520654  -2.16554159 -2.16554159 -2.16554159 -2.16554159 -2.16554159
 -2.16554159 -2.16554159 -2.16554159 -2.27274232 -2.27274232 -2.27274232
 -2.27274232 -2.27274232 -2.27274232 -2.27274232 -2.27274232 -2.27274232
 -2.27274232 -2.27274232 -2.27274232 -2.27274232 -2.27274232 -2.27274232
 -2.27274232 -2.27274232 -2.27274232 -2.27274232 -2.27274232 -2.27274232
 -2.27274232 -2.27274232 -2.27274232 -2.27274232 -2.27274232]
[-0.71335635 -1.94712123 -1.94712123 -1.94712123 -1.94712123 -2.00071146
 -2.00071146 -2.00071146 -2.00071146 -2.00071146 -2.00071146 -2.00071146
 -2.00247569 -2.00247569 -2.05832824 -2.05832824 -2.05832824 -2.05832824
 -2.05832824 -2.0943086  -2.14669554 -2.14669554 -2.14669554 -2.14669554
 -2.14669554 -2.14669554 -2.14669554 -2.14669554 -2.14669554 -2.14669554
 -2.14669554 -2.14669554 -2.14669554 -2.14669554 -2.14669554 -2.14669554
 -2.14669554 -2.14669554 -2.14669554 -2.14669554 -2.14669554 -2.14669554
 -2.14669554 -2.14669554 -2.14669554 -2.14669554]
[-0.71176683 -1.85888526 -1.85888526 -1.85888526 -1.85888526 -1.95282453
 -1.95282453 -2.02049049 -2.02049049 -2.02049049 -2.02049049 -2.02049049
 -2.02049049 -2.02049049 -2.02049049 -2.02049049 -2.07577874 -2.07577874
 -2.07577874 -2.07577874 -2.07577874 -2.07577874 -2.07577874 -2.07577874
 -2.07577874 -2.07577874 -2.07577874 -2.07577874 -2.07577874 -2.07577874
 -2.07602519 -2.07602519 -2.07602519 -2.07602519 -2.07602519 -2.07602519
 -2.07602519 -2.07602519 -2.11949706 -2.11949706 -2.1726708  -2.1726708
 -2.1726708  -2.1726708  -2.1726708  -2.1726708  -2.1726708  -2.1726708
 -2.1726708  -2.1726708  -2.1726708  -2.1726708  -2.1726708  -2.1726708
 -2.1726708  -2.1726708  -2.1726708  -2.1726708  -2.1726708  -2.1726708
 -2.1726708  -2.1726708  -2.1726708  -2.1726708  -2.18208242 -2.18208242
 -2.18208242 -2.18208242 -2.18208242 -2.18208242 -2.18208242 -2.18208242
 -2.18208242 -2.18208242 -2.18208242 -2.18208242 -2.18208242 -2.18208242
 -2.18208242 -2.18208242 -2.18208242 -2.18208242 -2.18208242 -2.18208242
 -2.18208242 -2.18208242 -2.18208242 -2.18208242 -2.18208242 -2.18208242]
[-0.71027334 -1.75425912 -1.75425912 -1.77999093 -1.77999093 -1.91119668
 -1.91265252 -1.91265252 -2.04779052 -2.04779052 -2.04779052 -2.07718976
 -2.07718976 -2.07718976 -2.07718976 -2.07718976 -2.07718976 -2.07718976
 -2.07718976 -2.07718976 -2.07718976 -2.07718976 -2.12420748 -2.12420748
 -2.12420748 -2.12420748 -2.12420748 -2.12420748 -2.12420748 -2.17226763
 -2.17226763 -2.17226763 -2.17226763 -2.17226763 -2.17226763 -2.17226763
 -2.17226763 -2.17226763 -2.17226763 -2.17226763 -2.17226763 -2.17226763
 -2.17226763 -2.17226763 -2.17226763 -2.17226763 -2.17226763 -2.17226763
 -2.25014189 -2.25014189 -2.25014189 -2.25014189 -2.25014189 -2.25014189
 -2.25014189 -2.25014189 -2.25014189 -2.25014189 -2.25014189 -2.25014189
 -2.25014189 -2.25014189 -2.25014189 -2.25014189 -2.25014189 -2.25014189
 -2.25014189 -2.25014189 -2.25014189 -2.25014189 -2.25014189 -2.25014189
 -2.25014189 -2.25014189]
