[-1.06697044 -3.05656169 -3.05656169 -3.14891844 -3.14891844 -3.14891844
 -3.14891844 -3.23608544 -3.29730529 -3.29730529 -3.29730529 -3.29730529
 -3.43319225 -3.46895379 -3.54529351 -3.54529351 -3.54529351 -3.54529351
 -3.54529351 -3.54529351 -3.54529351 -3.54529351 -3.68480228 -3.69296195
 -3.69296195 -3.69296195 -3.69296195 -3.69296195 -3.73613998 -3.73613998
 -3.73613998 -3.73613998 -3.73613998 -3.83896933 -3.83896933 -3.83896933
 -3.83896933 -3.83896933 -3.98966885 -3.98966885 -3.98966885 -3.98966885
 -3.98966885 -3.98966885 -3.98966885 -3.98966885 -3.98966885 -3.98966885
 -3.98966885 -3.98966885 -3.98966885 -3.98966885 -3.98966885 -3.98966885
 -3.98966885 -3.98966885 -3.98966885 -3.98966885 -3.98966885 -3.98966885
 -3.98966885 -3.98966885 -3.98966885 -3.98966885]
[-1.06820493 -3.01664132 -3.19877988 -3.19877988 -3.19877988 -3.22193824
 -3.63879556 -3.63879556 -3.63879556 -3.63879556 -3.63879556 -3.63879556
 -3.63879556 -3.63879556 -3.63879556 -3.63879556 -3.63879556 -3.63879556
 -3.63879556 -3.63879556 -3.63879556 -3.63879556 -3.68542779 -3.68542779
 -3.68542779 -3.854529   -3.854529   -3.854529   -3.854529   -3.854529
 -3.854529   -3.854529   -3.854529   -3.854529   -3.854529   -3.854529
 -3.854529   -3.854529   -3.854529   -3.854529   -3.854529   -3.854529
 -3.854529   -3.854529   -3.854529   -3.854529   -3.99331313 -3.99331313
 -3.99331313 -3.99331313 -3.99331313 -3.99331313 -3.99331313 -3.99331313
 -3.99331313 -3.99331313 -3.99331313 -3.99778413 -3.99778413 -3.99778413
 -3.99778413 -3.99778413 -3.99778413 -3.99778413 -4.11053183 -4.11053183
 -4.11053183 -4.11053183 -4.11053183 -4.11053183 -4.11053183 -4.11053183
 -4.11053183 -4.11053183 -4.11053183 -4.11053183 -4.11053183 -4.11053183
 -4.11053183 -4.11053183 -4.11053183 -4.11053183 -4.11053183 -4.11053183
 -4.11053183 -4.11053183 -4.13387737 -4.13387737 -4.13387737 -4.13387737
 -4.13387737 -4.13387737 -4.13387737 -4.13387737 -4.13387737 -4.13387737
 -4.13387737 -4.13387737 -4.13387737 -4.13387737 -4.13387737]
[-1.06851228 -2.76569381 -3.01964603 -3.68278327 -3.68278327 -3.68278327
 -3.68278327 -3.68278327 -3.68278327 -3.68278327 -3.68278327 -3.68278327
 -3.68278327 -3.68278327 -3.68278327 -3.68278327 -3.68278327 -3.68278327
 -3.68278327 -3.68278327 -3.68278327 -3.68278327 -3.68278327 -3.6867798
 -3.6867798  -3.6867798  -3.6867798  -3.6867798  -3.9495691  -3.9495691
 -3.9495691  -3.9495691  -3.9495691  -3.9495691  -3.9495691  -3.9495691
 -3.9495691  -3.9495691  -3.9495691  -3.9495691  -3.9495691  -3.9495691
 -3.9495691  -3.9495691  -3.9495691  -3.9495691  -3.9495691  -3.9495691
 -3.9495691  -3.9495691  -3.9495691  -3.9495691  -3.9495691  -3.9495691 ]
[-1.06689236 -2.88455389 -2.88455389 -2.95679718 -2.95679718 -3.08440198
 -3.08440198 -3.08440198 -3.29902854 -3.29902854 -3.37479003 -3.46978297
 -3.46978297 -3.46978297 -3.46978297 -3.46978297 -3.46978297 -3.46978297
 -3.46978297 -3.46978297 -3.46978297 -3.58919313 -3.58919313 -3.58919313
 -3.58919313 -3.58919313 -3.58919313 -3.58919313 -3.81497643 -3.81497643
 -3.81497643 -3.81497643 -3.81497643 -3.81497643 -3.81497643 -3.81497643
 -3.81497643 -3.81497643 -3.81497643 -3.81497643 -3.81497643 -3.81497643
 -3.81497643 -3.81497643 -3.81497643 -3.81497643 -3.81497643 -3.81497643
 -3.81497643 -3.81497643 -3.81497643 -3.81497643 -3.81497643 -3.96242292
 -3.96242292 -3.96242292 -3.96242292 -4.06680311 -4.06680311 -4.06680311
 -4.06680311 -4.23487108 -4.23487108 -4.23487108 -4.23487108 -4.23487108
 -4.23487108 -4.23487108 -4.23487108 -4.23487108 -4.23487108 -4.23487108
 -4.23487108 -4.23487108 -4.23487108 -4.23487108 -4.23487108 -4.23487108
 -4.23487108 -4.23487108 -4.23487108 -4.23487108 -4.23487108 -4.23487108
 -4.23487108 -4.23487108 -4.23487108]
[-1.06622946 -2.94752516 -3.01659802 -3.01659802 -3.0835007  -3.15603425
 -3.26843432 -3.26843432 -3.26843432 -3.78379512 -3.78379512 -3.78379512
 -3.78379512 -3.78379512 -3.78379512 -3.78379512 -3.78379512 -3.78379512
 -3.78379512 -3.78379512 -3.78379512 -3.78379512 -3.78379512 -3.78379512
 -3.78379512 -3.78379512 -3.78379512 -3.78379512 -3.78379512 -3.78379512
 -3.84531291 -3.84531291 -3.84531291 -3.84531291 -3.84531291 -3.84531291
 -3.84531291 -3.84531291 -3.84531291 -3.84531291 -3.84531291 -3.84531291
 -3.84531291 -3.84531291 -3.84531291 -3.84531291 -3.91938285 -3.91938285
 -3.91938285 -3.91938285 -3.91938285 -3.91938285 -3.91938285 -3.91938285
 -3.91938285 -3.91938285 -3.91938285 -3.91938285 -3.91938285 -3.91938285
 -3.91938285 -3.97378375 -3.97378375 -3.97378375 -3.97378375 -3.97378375
 -3.97378375 -3.97378375 -3.97378375 -3.97378375 -3.97378375 -3.97378375
 -3.97378375 -3.99499195 -3.99499195 -3.99499195 -4.292621   -4.292621
 -4.292621   -4.292621   -4.292621   -4.292621   -4.292621   -4.292621
 -4.292621   -4.292621   -4.292621   -4.292621   -4.292621   -4.292621
 -4.292621   -4.292621   -4.292621   -4.292621   -4.292621   -4.292621
 -4.292621   -4.292621   -4.292621   -4.292621   -4.292621  ]
