[2.32998177 2.31260923 2.31260923 2.30458275 2.30458275 2.30458275
 2.29899445 2.29899445 2.29899445 2.29899445 2.29899445 2.29899445
 2.29899445 2.29899445 2.29899445 2.29899445 2.29899445 2.29899445
 2.29899445 2.29899445 2.29899445 2.29899445 2.29899445 2.29899445
 2.29899445 2.29899445 2.29899445 2.29899445 2.29899445 2.29899445
 2.29899445 2.29899445]
[2.33203074 2.30424834 2.30424834 2.30424834 2.30424834 2.30424834
 2.30424834 2.30424834 2.30424834 2.30424834 2.30374797 2.30374797
 2.30374797 2.30374797 2.30374797 2.30374797 2.30374797 2.30374797
 2.30374797 2.30374797 2.30374797 2.30374797 2.30374797 2.30374797
 2.30374797 2.30374797 2.30374797 2.30374797 2.30374797 2.30374797
 2.30374797 2.30374797 2.30374797 2.30374797 2.30374797 2.30374797]
[2.3314136  2.31588796 2.30552875 2.30552875 2.30552875 2.30552875
 2.30552875 2.30552875 2.30552875 2.30552875 2.30552875 2.30552875
 2.30552875 2.30552875 2.30552875 2.30552875 2.30552875 2.30552875
 2.30552875 2.30552875 2.30552875 2.30552875 2.30552875 2.30552875
 2.30552875 2.30552875 2.30552875 2.30552875]
[2.33076175 2.31775626 2.31755607 2.31393546 2.31393546 2.30686443
 2.30438578 2.30438578 2.30438578 2.30438578 2.30404092 2.30404092
 2.30404092 2.30404092 2.30404092 2.30404092 2.30404092 2.30404092
 2.30404092 2.30404092 2.30404092 2.30404092 2.30404092 2.30404092
 2.30404092 2.30404092 2.30404092 2.30404092 2.30404092 2.30404092
 2.30404092 2.30404092 2.30404092 2.30404092 2.30404092 2.30404092]
[2.33009778 2.31378442 2.31378442 2.31378442 2.30571966 2.30571966
 2.30571966 2.30571966 2.30571966 2.30571966 2.30571966 2.30571966
 2.30571966 2.30571966 2.30571966 2.30571966 2.30571966 2.30571966
 2.30418575 2.28999723 2.28999723 2.28999723 2.28999723 2.28999723
 2.28999723 2.28999723 2.28999723 2.28999723 2.28999723 2.28999723
 2.28999723 2.28999723 2.28999723 2.28999723 2.28999723 2.28999723
 2.28999723 2.28999723 2.28999723 2.28999723 2.28999723 2.28999723
 2.28999723 2.28999723 2.28999723]
