[-1.08358647 -1.88736884 -2.13208709 -2.47412404 -2.63375689 -2.6776245
 -2.6776245  -2.6776245  -2.79703872 -2.79703872 -2.79703872 -2.79703872
 -2.79703872 -2.79703872 -2.79703872 -2.79703872 -2.79703872 -2.79703872
 -3.4013733  -3.4013733  -3.4013733  -3.4013733  -3.4013733  -3.4013733
 -3.4013733  -3.76798428 -3.76798428 -3.76798428 -3.76798428 -3.76798428
 -3.76798428 -3.76798428 -3.76798428 -3.76798428 -3.76798428 -3.76798428
 -3.76798428 -3.76798428 -3.76798428 -3.76798428 -3.76798428 -3.76798428
 -3.76798428 -3.76798428 -3.76798428 -3.76798428 -3.76798428 -3.76798428
 -3.76798428 -3.76798428 -3.76798428 -3.76798428 -3.76798428 -3.76798428
 -3.76798428 -3.76798428 -3.76798428 -3.76798428 -3.76798428 -3.76798428
 -3.83473539 -3.83473539 -3.83473539 -3.83473539 -3.83473539 -3.83473539
 -3.83473539 -3.83473539 -3.83473539 -3.83473539 -3.83473539 -3.83473539
 -3.83473539 -3.83473539 -3.83473539 -3.83473539 -3.83473539 -3.83473539
 -3.83473539 -3.83473539 -3.83473539 -3.83473539 -3.83473539 -3.83473539
 -3.83473539 -3.83473539 -3.83473539 -3.83473539 -3.83473539 -3.83473539
 -3.83473539 -3.83473539 -3.83473539 -3.83473539 -3.83473539 -3.83473539
 -3.83473539 -3.83473539 -3.83473539 -3.83473539 -3.83473539 -4.09869063
 -4.09869063 -4.09869063 -4.09869063 -4.09869063 -4.09869063 -4.09869063
 -4.09869063 -4.09869063 -4.09869063 -4.09869063 -4.09869063 -4.09869063
 -4.09869063 -4.09869063 -4.09869063 -4.09869063 -4.09869063 -4.09869063
 -4.09869063 -4.09869063 -4.09869063 -4.09869063 -4.09869063 -4.09869063
 -4.09869063 -4.09869063 -4.09869063 -4.09869063 -4.09869063 -4.09869063
 -4.09869063 -4.09869063 -4.09869063 -4.09869063 -4.09869063 -4.09869063
 -4.09869063 -4.09869063 -4.09869063 -4.09869063 -4.09869063 -4.09869063
 -4.09869063 -4.09869063 -4.09869063 -4.09869063 -4.09869063 -4.09869063
 -4.09869063 -4.09869063 -4.09869063 -4.09869063 -4.09869063 -4.09869063
 -4.09869063 -4.09869063 -4.09869063 -4.09869063 -4.09869063 -4.09869063
 -4.09869063 -4.09869063 -4.09869063 -4.09869063 -4.09869063 -4.09869063
 -4.09869063 -4.09869063 -4.09869063 -4.09869063 -4.09869063 -4.09869063
 -4.09869063 -4.24764203 -4.24764203 -4.24764203 -4.24764203 -4.24764203
 -4.24764203 -4.24764203 -4.24764203 -4.24764203 -4.24764203 -4.24764203
 -4.24764203 -4.24764203 -4.24764203 -4.24764203 -4.24764203 -4.24764203
 -4.24764203 -4.24764203 -4.24764203 -4.24764203 -4.24764203 -4.24764203
 -4.24764203 -4.24764203 -4.24764203 -4.24764203 -4.24764203 -4.24764203
 -4.24764203 -4.24764203 -4.24764203 -4.24764203 -4.24764203 -4.24764203
 -4.24764203 -4.24764203 -4.24764203 -4.24764203 -4.24764203 -4.24764203
 -4.24764203 -4.24764203 -4.24764203 -4.24764203 -4.24764203 -4.24764203
 -4.24764203 -4.3914458  -4.3914458  -4.3914458  -4.3914458  -4.3914458
 -4.3914458  -4.3914458  -4.3914458  -4.3914458  -4.3914458  -4.3914458
 -4.3914458  -4.3914458  -4.3914458  -4.3914458  -4.3914458  -4.3914458
 -4.3914458  -4.3914458  -4.3914458  -4.3914458  -4.3914458  -4.3914458
 -4.3914458  -4.3914458  -4.3914458  -4.3914458  -4.3914458  -4.3914458
 -4.3914458  -4.3914458  -4.3914458  -4.3914458  -4.3914458  -4.3914458
 -4.3914458  -4.3914458  -4.3914458  -4.3914458  -4.3914458  -4.3914458
 -4.3914458  -4.3914458  -4.3914458  -4.3914458  -4.3914458  -4.3914458
 -4.3914458  -4.3914458  -4.3914458  -4.3914458  -4.3914458  -4.3914458
 -4.3914458  -4.3914458  -4.3914458  -4.3914458  -4.3914458  -4.3914458
 -4.3914458  -4.3914458  -4.3914458  -4.3914458  -4.3914458  -4.3914458
 -4.3914458  -4.3914458  -4.3914458  -4.3914458  -4.3914458  -4.3914458
 -4.3914458  -4.3914458  -4.3914458  -4.3914458  -4.3914458  -4.3914458
 -4.3914458  -4.3914458  -4.3914458  -4.3914458  -4.3914458  -4.3914458
 -4.3914458  -4.3914458  -4.3914458  -4.3914458  -4.3914458  -4.3914458
 -4.3914458  -4.3914458  -4.3914458  -4.3914458  -4.3914458  -4.3914458
 -4.3914458  -4.3914458  -4.3914458  -4.3914458  -4.3914458  -4.3914458 ]
[-1.08358656 -2.03380194 -2.53942171 -2.53942171 -2.53942171 -3.15448967
 -3.15448967 -3.15448967 -3.15448967 -3.26589029 -3.26589029 -3.26589029
 -3.26589029 -3.26589029 -3.26589029 -3.5550378  -3.5550378  -3.5550378
 -3.5550378  -3.5550378  -3.5550378  -3.5550378  -3.5550378  -3.5550378
 -3.5550378  -3.5550378  -3.5550378  -3.5550378  -3.5550378  -3.5550378
 -3.5550378  -3.5550378  -3.5550378  -3.74032254 -3.74032254 -3.74032254
 -3.74032254 -3.74032254 -3.74032254 -3.74032254 -3.74032254 -3.74032254
 -3.74032254 -3.74032254 -3.74032254 -3.74032254 -3.74032254 -3.74032254
 -3.74032254 -3.74032254 -3.74032254 -3.74032254 -3.74032254 -3.74032254
 -3.74032254 -3.74032254 -3.74032254 -3.74032254 -3.74032254 -3.75888216
 -3.75888216 -3.75888216 -3.75888216 -3.76318333 -3.76318333 -3.76318333
 -3.76318333 -3.76318333 -3.76318333 -3.76318333 -3.76318333 -3.76318333
 -3.76318333 -3.76318333 -3.76318333 -3.76318333 -3.76318333 -3.76318333
 -3.76318333 -3.76318333 -3.83257674 -3.83257674 -3.83257674 -3.83257674
 -3.83257674 -3.83257674 -3.83257674 -3.83257674 -3.83257674 -3.83257674
 -3.83257674 -3.83257674 -3.83257674 -3.83257674 -3.83257674 -3.83257674
 -3.83257674 -3.83257674 -3.83257674 -3.83257674 -3.83257674 -3.83257674
 -3.83257674 -3.83257674 -3.83257674 -3.83257674 -3.83257674 -3.83257674
 -3.83257674 -3.83257674 -3.83257674 -3.83257674 -3.83257674 -3.83257674
 -3.83257674 -3.83257674 -3.83257674 -3.83257674 -3.83257674 -3.83257674
 -3.83257674 -3.83257674 -3.83257674 -3.83257674 -3.83257674 -4.18305042
 -4.18305042 -4.18305042 -4.18305042 -4.18305042 -4.18305042 -4.18305042
 -4.18305042 -4.18305042 -4.18305042 -4.18305042 -4.18305042 -4.18305042
 -4.18305042 -4.18305042 -4.18305042 -4.18305042 -4.18305042 -4.18305042
 -4.18305042 -4.24454679 -4.24454679 -4.24454679 -4.24454679 -4.24454679
 -4.24454679 -4.24454679 -4.24454679 -4.24454679 -4.24454679 -4.24454679
 -4.24454679 -4.24454679 -4.24454679 -4.24454679 -4.24454679 -4.24454679
 -4.24454679 -4.24454679 -4.24454679 -4.24454679 -4.24454679 -4.24454679
 -4.24454679 -4.24454679 -4.24454679 -4.24454679 -4.24454679 -4.24454679
 -4.24454679 -4.24454679 -4.24454679 -4.24454679 -4.24454679 -4.24454679
 -4.24454679 -4.24454679 -4.24454679 -4.24454679 -4.24454679 -4.24454679
 -4.24454679 -4.24454679 -4.24454679 -4.24454679 -4.24454679 -4.24454679
 -4.24454679 -4.52562977 -4.52562977 -4.52562977 -4.52562977 -4.52562977
 -4.52562977 -4.52562977 -4.52562977 -4.52562977 -4.52562977 -4.52562977
 -4.52562977 -4.52562977 -4.52562977 -4.52562977 -4.52562977 -4.52562977
 -4.52562977 -4.52562977 -4.52562977 -4.52562977 -4.52562977 -4.52562977
 -4.52562977 -4.52562977 -4.52562977 -4.52562977 -4.52562977 -4.52562977
 -4.52562977 -4.52562977 -4.52562977 -4.52562977 -4.52562977 -4.52562977
 -4.52562977 -4.52562977 -4.52562977 -4.52562977 -4.52562977 -4.52562977
 -4.52562977 -4.52562977 -4.52562977 -4.52562977 -4.52562977 -4.52562977
 -4.52562977 -4.52562977 -4.52562977 -4.52562977 -4.52562977 -4.52562977
 -4.52562977 -4.52562977 -4.52562977 -4.52562977 -4.52562977 -4.52562977
 -4.52562977 -4.52562977 -4.52562977 -4.52562977 -4.52562977 -4.52562977
 -4.52562977 -4.52562977 -4.52562977 -4.52562977 -4.52562977 -4.52562977
 -4.52562977 -4.52562977 -4.52562977 -4.52562977 -4.52562977 -4.52562977
 -4.52562977 -4.52562977 -4.52562977 -4.52562977 -4.52562977 -4.52562977
 -4.52562977 -4.52562977 -4.52562977 -4.52562977 -4.52562977 -4.52562977
 -4.52562977 -4.52562977 -4.52562977 -4.52562977 -4.52562977 -4.52562977
 -4.73537741 -4.73537741 -4.73537741 -4.73537741 -4.73537741 -4.73537741
 -4.73537741 -4.73537741 -4.73537741 -4.73537741 -4.73537741 -4.73537741
 -4.73537741 -4.73537741 -4.73537741 -4.73537741 -4.73537741 -4.73537741
 -4.73537741 -4.73537741 -4.73537741 -4.73537741 -4.73537741 -4.73537741
 -4.73537741 -4.73537741 -4.73537741 -4.73537741 -4.73537741 -4.73537741
 -4.73537741 -4.73537741 -4.73537741 -4.73537741 -4.73537741 -4.73537741
 -4.73537741 -4.73537741 -4.73537741 -4.73537741 -4.73537741 -4.73537741
 -4.73537741 -4.73537741 -4.73537741 -4.73537741 -4.73537741 -4.73537741
 -4.73537741 -4.73537741 -4.73537741 -4.73537741 -4.73537741 -4.73537741
 -4.73537741 -4.73537741 -4.73537741 -4.73537741 -4.73537741 -4.73537741
 -4.73537741 -4.73537741 -4.73537741 -4.73537741 -4.73537741 -4.73537741
 -4.73537741 -4.73537741 -4.73537741 -4.73537741 -4.73537741 -4.73537741
 -4.73537741 -4.73537741 -4.73537741 -4.73537741 -4.73537741 -4.73537741
 -4.73537741 -4.73537741 -4.73537741 -4.73537741 -4.73537741 -4.73537741
 -4.73537741 -4.73537741 -4.73537741 -4.73537741 -4.73537741 -4.73537741
 -4.73537741 -4.73537741 -4.73537741 -4.73537741 -4.73537741 -4.73537741
 -4.73537741 -4.73537741 -4.73537741 -4.73537741 -4.73537741]
[-1.08358656 -3.06434413 -3.06434413 -3.06434413 -3.06434413 -3.06434413
 -3.06434413 -3.06434413 -3.06434413 -3.12894061 -3.69303253 -3.69303253
 -3.69303253 -3.69303253 -3.69303253 -3.69303253 -3.69303253 -3.69303253
 -3.69303253 -3.69303253 -3.69303253 -3.69303253 -3.69303253 -3.69303253
 -3.69303253 -3.69303253 -3.69303253 -3.69303253 -3.69303253 -3.69303253
 -3.69303253 -3.69303253 -3.69303253 -3.69303253 -3.69303253 -3.69303253
 -3.69303253 -3.69303253 -3.69303253 -3.69303253 -3.69303253 -3.69303253
 -3.69303253 -3.69303253 -3.69303253 -3.69303253 -3.69303253 -3.69303253
 -3.69303253 -3.69303253 -3.69303253 -3.69303253 -3.69303253 -3.69303253
 -3.69303253 -3.69303253 -3.69303253 -3.69303253 -3.69303253 -3.69303253
 -3.69303253 -3.69303253 -3.69303253 -3.69303253 -3.69303253 -3.69303253
 -3.69303253 -3.69303253 -3.69303253 -3.69303253 -3.69303253 -3.69303253
 -3.69303253 -3.69303253 -3.69303253 -3.69303253 -3.69303253 -3.69303253
 -3.69303253 -3.69303253 -3.69303253 -3.69303253 -3.69303253 -3.69303253
 -3.69303253 -3.69303253 -3.69303253 -3.69303253 -3.69303253 -3.69303253
 -3.69303253 -3.69303253 -3.69303253 -3.69303253 -3.69303253 -3.69303253
 -3.69303253 -3.69303253 -3.69303253 -3.69303253 -3.69303253 -3.69303253
 -3.91205372 -3.91205372 -3.91205372 -3.91205372 -3.91205372 -3.91205372
 -3.91205372 -3.91205372 -3.91205372 -3.91205372 -3.91205372 -3.91205372
 -3.91205372 -3.91205372 -3.91205372 -3.91205372 -3.91205372 -3.91205372
 -3.91205372 -3.91205372 -3.91205372 -3.91205372 -3.91205372 -3.91205372
 -3.91205372 -3.91205372 -3.91205372 -3.91205372 -3.91205372 -3.91205372
 -3.91205372 -3.91205372 -3.91205372 -3.91205372 -3.91205372 -3.91205372
 -3.91205372 -3.91205372 -3.91205372 -3.91205372 -3.91205372 -3.91205372
 -3.91205372 -3.91205372 -3.91205372 -3.91205372 -3.91205372 -3.91205372
 -3.91205372 -3.91205372 -3.91205372 -3.91205372 -3.91205372 -3.91205372
 -3.91205372 -3.91205372 -3.91205372 -3.91205372 -3.91205372 -3.91205372
 -3.91205372 -3.91205372 -3.91205372 -3.91205372 -3.91205372 -3.91205372
 -3.91205372 -3.91205372 -3.91205372 -3.91205372 -3.91205372 -3.91205372
 -3.91205372 -3.91205372 -3.91205372 -3.93612598 -3.93612598 -3.93612598
 -3.93612598 -3.93612598 -3.93612598 -3.93612598 -3.93612598 -3.93612598
 -3.93612598 -3.93612598 -3.93612598 -3.93612598 -3.93612598 -3.93612598
 -3.93612598 -3.93612598 -3.93612598 -3.93612598 -3.93612598 -3.93612598
 -3.93612598 -3.93612598 -3.93612598 -3.93612598 -3.93612598 -3.93612598
 -4.00401527 -4.00401527 -4.00401527 -4.00401527 -4.00401527 -4.00401527
 -4.00401527 -4.00401527 -4.00401527 -4.00401527 -4.00401527 -4.00401527
 -4.00401527 -4.00401527 -4.00401527 -4.00401527 -4.00401527 -4.00401527
 -4.00401527 -4.00401527 -4.00401527 -4.00401527 -4.00401527 -4.00401527
 -4.00401527 -4.00401527 -4.00401527 -4.00401527 -4.00401527 -4.00401527
 -4.00401527 -4.00401527 -4.00401527 -4.00401527 -4.00401527 -4.00401527
 -4.00401527 -4.00401527 -4.00401527 -4.00401527 -4.00401527 -4.00401527
 -4.00401527 -4.00401527 -4.00401527 -4.00401527 -4.00401527 -4.00401527
 -4.00401527 -4.01147987 -4.01147987 -4.01147987 -4.01147987 -4.01147987
 -4.01147987 -4.01147987 -4.01147987 -4.01147987 -4.01147987 -4.01147987
 -4.01147987 -4.01147987 -4.01147987 -4.01147987 -4.01147987 -4.01147987
 -4.01147987 -4.01147987 -4.01147987 -4.01147987 -4.01147987 -4.01147987
 -4.01147987 -4.01147987 -4.01147987 -4.01147987 -4.01147987 -4.01147987
 -4.01147987 -4.01147987 -4.01147987 -4.01147987 -4.01147987 -4.14795521
 -4.14795521 -4.14795521 -4.14795521 -4.14795521 -4.14795521 -4.14795521
 -4.14795521 -4.14795521 -4.14795521 -4.14795521 -4.14795521 -4.14795521
 -4.14795521 -4.14795521 -4.14795521 -4.14795521 -4.14795521 -4.14795521
 -4.14795521 -4.14795521 -4.14795521 -4.14795521 -4.14795521 -4.14795521
 -4.14795521 -4.14795521 -4.14795521 -4.14795521 -4.14795521 -4.14795521
 -4.14795521 -4.14795521 -4.14795521 -4.14795521 -4.14795521 -4.14795521
 -4.14795521 -4.14795521 -4.14795521 -4.14795521 -4.14795521 -4.14795521
 -4.14795521 -4.14795521 -4.14795521 -4.14795521 -4.14795521 -4.14795521
 -4.14795521 -4.14795521 -4.14795521 -4.14795521 -4.14795521 -4.14795521
 -4.14795521 -4.14795521 -4.14795521 -4.14795521 -4.14795521 -4.14795521
 -4.14795521 -4.14795521 -4.14795521 -4.14795521 -4.14795521 -4.14795521
 -4.14795521 -4.14795521 -4.14795521 -4.14795521 -4.14795521 -4.14795521
 -4.14795521 -4.14795521 -4.14795521 -4.14795521 -4.14795521 -4.14795521
 -4.14795521 -4.14795521 -4.14795521 -4.14795521 -4.14795521 -4.14795521
 -4.14795521 -4.14795521 -4.14795521 -4.14795521 -4.14795521 -4.14795521
 -4.14795521 -4.14795521 -4.14795521 -4.30802698 -4.30802698 -4.30802698
 -4.30802698 -4.30802698 -4.30802698 -4.30802698 -4.30802698 -4.30802698
 -4.30802698 -4.30802698 -4.30802698 -4.30802698 -4.30802698 -4.30802698
 -4.30802698 -4.30802698 -4.30802698 -4.30802698 -4.30802698 -4.30802698
 -4.30802698 -4.30802698 -4.30802698 -4.30802698 -4.30802698 -4.30802698
 -4.30802698 -4.30802698 -4.30802698 -4.30802698 -4.30802698 -4.30802698
 -4.30802698 -4.30802698 -4.30802698 -4.30802698 -4.30802698 -4.30802698
 -4.30802698 -4.30802698 -4.30802698 -4.30802698 -4.30802698 -4.30802698
 -4.30802698 -4.30802698 -4.30802698 -4.30802698 -4.30802698 -4.30802698
 -4.30802698 -4.30802698 -4.30802698 -4.30802698 -4.30802698 -4.30802698
 -4.30802698 -4.30802698 -4.30802698 -4.30802698 -4.30802698 -4.30802698
 -4.30802698 -4.30802698 -4.30802698 -4.30802698 -4.30802698 -4.30802698
 -4.30802698 -4.30802698 -4.30802698 -4.30802698 -4.30802698 -4.30802698
 -4.30802698 -4.30802698 -4.30802698 -4.30802698 -4.30802698 -4.30802698
 -4.30802698 -4.30802698 -4.30802698 -4.30802698 -4.30802698 -4.30802698
 -4.30802698 -4.30802698 -4.30802698 -4.30802698 -4.30802698 -4.30802698
 -4.30802698 -4.30802698 -4.30802698 -4.30802698 -4.30802698 -4.30802698
 -4.30802698 -4.30802698]
[-1.08358656 -2.65372321 -2.72676642 -2.72676642 -2.72676642 -2.97092922
 -3.01081514 -3.01081514 -3.02959844 -3.02959844 -3.02959844 -3.02959844
 -3.02959844 -3.02959844 -3.02959844 -3.5294106  -3.5294106  -3.5294106
 -3.5294106  -3.5294106  -3.5294106  -3.5294106  -3.5307137  -3.5307137
 -3.5307137  -3.5307137  -3.5307137  -3.57887315 -3.57887315 -3.57887315
 -4.00593316 -4.00593316 -4.00593316 -4.00593316 -4.00593316 -4.00593316
 -4.00593316 -4.00593316 -4.00593316 -4.00593316 -4.00593316 -4.00593316
 -4.00593316 -4.00593316 -4.00593316 -4.00593316 -4.00593316 -4.00593316
 -4.00593316 -4.00593316 -4.00593316 -4.00593316 -4.00593316 -4.00593316
 -4.00593316 -4.00593316 -4.09701586 -4.09701586 -4.09701586 -4.09701586
 -4.09701586 -4.09701586 -4.09701586 -4.09701586 -4.09701586 -4.09701586
 -4.09701586 -4.09701586 -4.09701586 -4.09701586 -4.09701586 -4.09701586
 -4.09701586 -4.09701586 -4.09701586 -4.09701586 -4.09701586 -4.09701586
 -4.09701586 -4.09701586 -4.09701586 -4.09701586 -4.09701586 -4.09701586
 -4.09701586 -4.09701586 -4.09701586 -4.09701586 -4.09701586 -4.09701586
 -4.09701586 -4.09701586 -4.09701586 -4.10273899 -4.10273899 -4.10273899
 -4.10273899 -4.10273899 -4.10273899 -4.10273899 -4.10273899 -4.10273899
 -4.10273899 -4.10273899 -4.10273899 -4.10273899 -4.10273899 -4.10273899
 -4.10273899 -4.10273899 -4.10273899 -4.10273899 -4.10273899 -4.10273899
 -4.10273899 -4.10273899 -4.10273899 -4.10273899 -4.10273899 -4.10273899
 -4.10273899 -4.10273899 -4.10273899 -4.10273899 -4.16658008 -4.16658008
 -4.16658008 -4.16658008 -4.16658008 -4.16658008 -4.16658008 -4.16658008
 -4.16658008 -4.16658008 -4.16658008 -4.16658008 -4.16658008 -4.16658008
 -4.16658008 -4.16658008 -4.16658008 -4.16658008 -4.16658008 -4.16658008
 -4.16658008 -4.16658008 -4.16658008 -4.16658008 -4.16658008 -4.16658008
 -4.16658008 -4.16658008 -4.16658008 -4.16658008 -4.16658008 -4.16658008
 -4.16658008 -4.16658008 -4.16658008 -4.16658008 -4.16658008 -4.16658008
 -4.16658008 -4.16658008 -4.16658008 -4.16658008 -4.16658008 -4.16658008
 -4.16658008 -4.16658008 -4.16658008 -4.16658008 -4.16658008 -4.16658008
 -4.16658008 -4.16658008 -4.27923786 -4.27923786 -4.27923786 -4.27923786
 -4.27923786 -4.27923786 -4.27923786 -4.27923786 -4.27923786 -4.27923786
 -4.27923786 -4.27923786 -4.27923786 -4.27923786 -4.27923786 -4.27923786
 -4.27923786 -4.27923786 -4.27923786 -4.27923786 -4.27923786 -4.27923786
 -4.27923786 -4.27923786 -4.27923786 -4.27923786 -4.27923786 -4.27923786
 -4.27923786 -4.27923786 -4.27923786 -4.27923786 -4.27923786 -4.27923786
 -4.27923786 -4.27923786 -4.27923786 -4.27923786 -4.27923786 -4.27923786
 -4.27923786 -4.27923786 -4.27923786 -4.27923786 -4.27923786 -4.27923786
 -4.27923786 -4.27923786 -4.27923786 -4.27923786 -4.27923786 -4.27923786
 -4.27923786 -4.27923786 -4.27923786 -4.27923786 -4.27923786 -4.27923786
 -4.27923786 -4.27923786 -4.27923786 -4.27923786 -4.27923786 -4.27923786
 -4.27923786 -4.27923786 -4.27923786 -4.29349148 -4.29349148 -4.29349148
 -4.29955642 -4.29955642 -4.29955642 -4.29955642 -4.29955642 -4.29955642
 -4.29955642 -4.29955642 -4.29955642 -4.29955642 -4.29955642 -4.29955642
 -4.29955642 -4.29955642 -4.29955642 -4.29955642 -4.29955642 -4.29955642
 -4.29955642 -4.29955642 -4.29955642 -4.29955642 -4.29955642 -4.29955642
 -4.29955642 -4.29955642 -4.3272968  -4.3272968  -4.3272968  -4.3272968
 -4.3272968  -4.3272968  -4.3272968  -4.3272968  -4.3272968  -4.3272968
 -4.3272968  -4.3272968  -4.3272968  -4.3272968  -4.3272968  -4.3272968
 -4.3272968  -4.3272968  -4.3272968  -4.3272968  -4.3272968  -4.3272968
 -4.3272968  -4.3272968  -4.3272968  -4.3272968  -4.3272968  -4.3272968
 -4.3272968  -4.3272968  -4.3272968  -4.3272968  -4.3272968  -4.3272968
 -4.3272968  -4.3272968  -4.3272968  -4.3272968  -4.3272968  -4.3272968
 -4.3272968  -4.3272968  -4.3272968  -4.3272968  -4.3272968  -4.3272968
 -4.3272968  -4.3272968  -4.3272968  -4.3272968  -4.3272968  -4.52298744
 -4.52298744 -4.52298744 -4.52298744 -4.52298744 -4.52298744 -4.52298744
 -4.52298744 -4.52298744 -4.52298744 -4.52298744 -4.52298744 -4.52298744
 -4.52298744 -4.52298744 -4.52298744 -4.52298744 -4.52298744 -4.52298744
 -4.52298744 -4.52298744 -4.52298744 -4.52298744 -4.52298744 -4.52298744
 -4.52298744 -4.52298744 -4.52298744 -4.52298744 -4.52298744 -4.52298744
 -4.52298744 -4.52298744 -4.52298744 -4.52298744 -4.52298744 -4.52298744
 -4.52298744 -4.52298744 -4.52298744 -4.52298744 -4.52298744 -4.52298744
 -4.52298744 -4.52298744 -4.52298744 -4.52298744 -4.52298744 -4.52298744
 -4.52298744 -4.52298744 -4.52298744 -4.52298744 -4.52298744 -4.52298744
 -4.52298744 -4.52298744 -4.52298744 -4.52298744 -4.52298744 -4.52298744
 -4.52298744 -4.52298744 -4.52298744 -4.52298744 -4.52298744 -4.52298744
 -4.52298744 -4.52298744 -4.52298744 -4.52298744 -4.52298744 -4.52298744
 -4.52298744 -4.52298744 -4.52298744 -4.56260186 -4.56260186 -4.56260186
 -4.56260186 -4.56260186 -4.56260186 -4.56260186 -4.56260186 -4.56260186
 -4.56260186 -4.56260186 -4.56260186 -4.56260186 -4.56260186 -4.68661361
 -4.68661361 -4.68661361 -4.68661361 -4.68661361 -4.68661361 -4.68661361
 -4.68661361 -4.68661361 -4.68661361 -4.68661361 -4.68661361 -4.68661361
 -4.68661361 -4.68661361 -4.68661361 -4.68661361 -4.68661361 -4.68661361
 -4.68661361 -4.68661361 -4.68661361 -4.68661361 -4.68661361 -4.68661361
 -4.68661361 -4.68661361 -4.68661361 -4.68661361 -4.68661361 -4.68661361
 -4.68661361 -4.68661361 -4.68661361 -4.68661361 -4.68661361 -4.68661361
 -4.68661361 -4.68661361 -4.68661361 -4.68661361 -4.68661361 -4.68661361
 -4.68661361 -4.68661361 -4.68661361 -4.68661361 -4.68661361 -4.68661361
 -4.8708017  -4.8708017  -4.8708017  -4.8708017  -4.8708017  -4.8708017
 -4.8708017  -4.8708017  -4.8708017  -4.8708017  -4.8708017  -4.8708017
 -4.8708017  -4.8708017  -4.8708017  -4.8708017  -4.8708017  -4.8708017
 -4.8708017  -4.8708017  -4.8708017  -4.8708017  -4.8708017  -4.8708017
 -4.8708017  -4.8708017  -4.8708017  -4.8708017  -4.8708017  -4.8708017
 -4.8708017  -4.8708017  -4.8708017  -4.8708017  -4.8708017  -4.8708017
 -4.8708017  -4.8708017  -4.8708017  -4.8708017  -4.8708017  -4.8708017
 -4.8708017  -4.8708017  -4.8708017  -4.8708017  -4.8708017  -4.8708017
 -4.8708017  -4.8708017  -4.8708017  -4.8708017  -4.8708017  -4.8708017
 -4.8708017  -4.8708017  -4.8708017  -4.8708017  -4.8708017  -4.8708017
 -4.8708017  -4.8708017  -4.8708017  -4.8708017  -4.8708017  -4.8708017
 -4.8708017  -4.8708017  -4.8708017  -4.8708017  -4.8708017  -4.8708017
 -4.8708017  -4.8708017  -4.8708017  -4.8708017  -4.8708017  -4.8708017
 -4.8708017  -4.8708017  -4.8708017  -4.8708017  -4.8708017  -4.8708017
 -4.8708017  -4.8708017  -4.8708017  -4.8708017  -4.8708017  -4.8708017
 -4.8708017  -4.8708017  -4.8708017  -4.8708017  -4.8708017  -4.8708017
 -4.8708017  -4.8708017  -4.8708017  -4.8708017  -4.8708017 ]
[-1.08358656 -3.35842521 -3.35842521 -3.35842521 -3.35842521 -3.35842521
 -3.35842521 -3.35842521 -3.35842521 -3.35842521 -3.35842521 -3.35842521
 -3.35842521 -3.35842521 -3.35842521 -3.35842521 -3.35842521 -3.35842521
 -3.35842521 -3.35842521 -3.35842521 -3.64245958 -3.64245958 -3.64245958
 -3.64245958 -3.64245958 -3.64245958 -3.64245958 -3.64245958 -3.64245958
 -3.64245958 -3.64245958 -3.64245958 -3.64245958 -3.64245958 -3.64245958
 -3.64245958 -3.64245958 -3.64245958 -3.64245958 -3.64245958 -3.64245958
 -3.64245958 -3.64245958 -3.64245958 -3.98486631 -3.98486631 -3.98486631
 -3.98486631 -3.98486631 -3.98486631 -3.98486631 -3.98486631 -3.98486631
 -3.98486631 -3.98486631 -3.98486631 -3.98486631 -3.98486631 -3.98486631
 -3.98486631 -3.98486631 -3.98486631 -3.98486631 -3.98486631 -3.98486631
 -3.98486631 -3.98486631 -3.98486631 -3.98486631 -3.98486631 -3.98486631
 -3.98486631 -3.98486631 -3.98486631 -3.98486631 -3.98486631 -3.98486631
 -3.98486631 -3.98486631 -3.98486631 -3.98486631 -4.05259891 -4.05259891
 -4.05259891 -4.05259891 -4.05259891 -4.05259891 -4.05259891 -4.05259891
 -4.05259891 -4.05259891 -4.05259891 -4.15572137 -4.15572137 -4.15572137
 -4.15572137 -4.15572137 -4.15572137 -4.15572137 -4.15572137 -4.15572137
 -4.15572137 -4.15572137 -4.15572137 -4.15572137 -4.15572137 -4.15572137
 -4.15572137 -4.15572137 -4.15572137 -4.15572137 -4.15572137 -4.15572137
 -4.15572137 -4.15572137 -4.15572137 -4.15572137 -4.15572137 -4.15572137
 -4.15572137 -4.15572137 -4.15572137 -4.15572137 -4.15572137 -4.15572137
 -4.15572137 -4.15572137 -4.15572137 -4.15572137 -4.15572137 -4.15572137
 -4.15572137 -4.15572137 -4.15572137 -4.15572137 -4.15572137 -4.15572137
 -4.15572137 -4.15572137 -4.15572137 -4.15572137 -4.15572137 -4.15572137
 -4.15572137 -4.15572137 -4.15572137 -4.15572137 -4.15572137 -4.15572137
 -4.15572137 -4.15572137 -4.15572137 -4.15572137 -4.15572137 -4.21981634
 -4.21981634 -4.21981634 -4.21981634 -4.21981634 -4.21981634 -4.21981634
 -4.21981634 -4.21981634 -4.21981634 -4.21981634 -4.21981634 -4.21981634
 -4.39018562 -4.39018562 -4.39018562 -4.39018562 -4.39018562 -4.39018562
 -4.39018562 -4.39018562 -4.39018562 -4.39018562 -4.39018562 -4.39018562
 -4.39018562 -4.39018562 -4.39018562 -4.39018562 -4.39018562 -4.39018562
 -4.39018562 -4.39018562 -4.39018562 -4.39018562 -4.39018562 -4.39018562
 -4.39018562 -4.39018562 -4.39018562 -4.39018562 -4.39018562 -4.39018562
 -4.39018562 -4.53332698 -4.53332698 -4.53332698 -4.53332698 -4.53332698
 -4.53332698 -4.53332698 -4.53332698 -4.53332698 -4.53332698 -4.53332698
 -4.53332698 -4.53332698 -4.53332698 -4.53332698 -4.53332698 -4.53332698
 -4.53332698 -4.53332698 -4.53332698 -4.53332698 -4.53332698 -4.53332698
 -4.53332698 -4.53332698 -4.53332698 -4.53332698 -4.53332698 -4.53332698
 -4.53332698 -4.53332698 -4.53332698 -4.53332698 -4.53332698 -4.53332698
 -4.53332698 -4.53332698 -4.53332698 -4.53332698 -4.53332698 -4.53332698
 -4.53332698 -4.53332698 -4.53332698 -4.53332698 -4.53332698 -4.53332698
 -4.53332698 -4.53332698 -4.53332698 -4.53332698 -4.53332698 -4.53332698
 -4.53332698 -4.53332698 -4.53332698 -4.53332698 -4.53332698 -4.53332698
 -4.53332698 -4.53332698 -4.53332698 -4.53332698 -4.53332698 -4.53332698
 -4.53332698 -4.53332698 -4.53332698 -4.53332698 -4.53332698 -4.53332698
 -4.53332698 -4.53332698 -4.53332698 -4.53332698 -4.53332698 -4.53332698
 -4.53332698 -4.53332698 -4.53332698 -4.53332698 -4.53332698 -4.53332698
 -4.53332698 -4.53332698 -4.53332698 -4.53332698 -4.53332698 -4.53332698
 -4.53332698 -4.53332698 -4.53332698 -4.53332698 -4.56578609 -4.56578609
 -4.56578609 -4.56578609 -4.56578609 -4.56578609 -4.56578609 -4.56578609
 -4.56578609 -4.56578609 -4.56578609 -4.56578609 -4.56578609 -4.56578609
 -4.56578609 -4.56578609 -4.56578609 -4.56578609 -4.56578609 -4.56578609
 -4.56578609 -4.56578609 -4.56578609 -4.56578609 -4.56578609 -4.56578609
 -4.56578609 -4.56578609 -4.56578609 -4.56578609 -4.56578609 -4.56578609
 -4.56578609 -4.56578609 -4.56578609 -4.56578609 -4.64384663 -4.64384663
 -4.64384663 -4.64384663 -4.64384663 -4.64384663 -4.64384663 -4.64384663
 -4.64384663 -4.64384663 -4.64384663 -4.64384663 -4.64384663 -4.64384663
 -4.64384663 -4.64384663 -4.64384663 -4.64384663 -4.64384663 -4.64384663
 -4.64384663 -4.64384663 -4.64384663 -4.64384663 -4.64384663 -4.64384663
 -4.64384663 -4.64384663 -4.64384663 -4.64384663 -4.64384663 -4.64384663
 -4.64384663 -4.64384663 -4.64384663 -4.64384663 -4.64384663 -4.64384663
 -4.64384663 -4.64384663 -4.64384663 -4.64384663 -4.64384663 -4.64384663
 -4.64384663 -4.64384663 -4.64384663 -4.64384663 -4.64384663 -4.64384663
 -4.64384663 -4.64384663 -4.64384663 -4.64384663 -4.64384663 -4.64384663
 -4.64384663 -4.64384663 -4.64384663 -4.64384663 -4.64384663 -4.64384663
 -4.64384663 -4.64384663 -4.64384663 -4.64384663 -4.64384663 -4.64384663
 -4.64384663 -4.64384663 -4.64384663 -4.64384663 -4.64384663 -4.64384663
 -4.64384663 -4.64384663 -4.64384663 -4.64384663 -4.64384663 -4.64384663
 -4.64384663 -4.64384663 -4.64384663 -4.64384663 -4.64384663 -4.64384663
 -4.64384663 -4.64384663 -4.64384663 -4.64384663 -4.64384663 -4.64384663
 -4.64384663 -4.64384663 -4.64384663 -4.64384663 -4.64384663 -4.64384663
 -4.64384663 -4.64384663 -4.64384663]
