[   0.           84.21052632   84.21052632  505.26315789  673.68421053
  842.10526316  926.31578947 1010.52631579 1263.15789474 1431.57894737
 1600.         1600.        ]
[   0.           84.21052632  168.42105263  589.47368421  757.89473684
  842.10526316 1010.52631579 1431.57894737 1600.         1600.        ]
[   0.            0.          336.84210526  336.84210526  926.31578947
 1010.52631579 1263.15789474 1431.57894737 1515.78947368]
[  84.21052632  336.84210526  505.26315789  673.68421053  926.31578947
  926.31578947 1094.73684211 1347.36842105 1515.78947368 1600.        ]
[   0.            0.          589.47368421  673.68421053  757.89473684
 1010.52631579 1263.15789474 1347.36842105 1600.         1600.
 1600.        ]
