[-0.76047232 -2.49094105 -2.49094105 -2.49094105 -2.49094105 -2.49094105
 -2.50172729 -2.84340962 -2.84340962 -2.93082021 -2.93082021 -2.93082021
 -2.93082021 -2.93082021 -2.93082021 -2.93082021 -2.93082021 -2.93082021
 -2.93082021 -2.93082021 -2.94755146 -2.94755146 -2.94755146 -2.94755146
 -2.94755146 -2.94755146 -2.94755146 -2.94755146 -2.94755146 -2.94755146
 -2.94755146 -2.94755146 -2.94755146 -2.94755146 -2.94755146 -2.94755146
 -2.94755146 -2.94755146 -2.94755146 -2.94755146 -2.94755146 -2.94755146
 -2.94755146 -2.94755146 -2.94755146 -3.23813939 -3.23813939 -3.23813939
 -3.23813939 -3.23813939 -3.23813939 -3.23813939 -3.23813939 -3.24509372
 -3.24509372 -3.24509372 -3.24509372 -3.24509372 -3.24509372 -3.24509372
 -3.24509372 -3.24509372 -3.24509372 -3.24509372 -3.24509372 -3.24509372
 -3.32639771 -3.32639771 -3.32639771 -3.32639771 -3.32639771 -3.32639771
 -3.32639771 -3.32639771 -3.32639771 -3.32639771 -3.32639771 -3.32639771
 -3.32639771 -3.32639771 -3.32639771 -3.32639771 -3.32639771 -3.32639771
 -3.32639771 -3.32639771 -3.32639771 -3.32639771 -3.32639771 -3.32639771
 -3.32639771 -3.32639771]
[-0.76047232 -2.13716491 -2.56084279 -2.56084279 -2.56084279 -2.56084279
 -2.87973985 -2.87973985 -2.87973985 -2.87973985 -2.87973985 -2.87973985
 -2.87973985 -2.87973985 -2.87973985 -2.87973985 -2.87973985 -2.87973985
 -2.87973985 -2.87973985 -2.87973985 -2.87973985 -2.87973985 -2.87973985
 -2.87973985 -2.87973985 -2.87973985 -2.87973985 -2.87973985 -2.87973985
 -2.87973985 -2.87973985]
[-0.76047232 -2.30016053 -2.30016053 -2.76695784 -2.76695784 -2.76695784
 -2.76695784 -2.76695784 -2.76695784 -2.76695784 -2.76695784 -2.76695784
 -2.76695784 -2.76695784 -2.76695784 -2.76695784 -2.76695784 -2.76695784
 -2.95072716 -2.95072716 -2.95072716 -2.95072716 -2.95072716 -2.95072716
 -2.95072716 -2.95072716 -2.95072716 -2.99549332 -2.99549332 -2.99549332
 -2.99549332 -2.99549332 -2.99549332 -2.99549332 -2.99549332 -2.99549332
 -2.99549332 -2.99549332 -2.99549332 -2.99549332 -2.99549332 -2.99584045
 -2.99584045 -2.99584045 -2.99584045 -2.99584045 -2.99584045 -2.99584045
 -2.99584045 -2.99584045 -2.99584045 -2.99584045 -2.99584045 -2.99584045
 -2.99584045 -2.99584045 -2.99584045 -2.99584045 -2.99584045 -2.99584045
 -2.99584045 -2.99584045 -2.99584045 -2.99584045 -2.99584045 -2.99584045
 -2.99584045]
[-0.76047232 -2.30274012 -2.30274012 -2.39237052 -2.55859978 -2.55859978
 -2.55859978 -2.55859978 -2.55859978 -2.55859978 -2.55859978 -2.55859978
 -2.73452965 -2.73452965 -2.73452965 -2.73452965 -2.73452965 -2.73452965
 -2.90432433 -2.90432433 -2.90432433 -2.90432433 -2.90432433 -2.90432433
 -2.90432433 -2.90432433 -2.90432433 -2.90432433 -2.90432433 -2.90432433
 -2.90432433 -2.90432433 -2.92635546 -2.92635546 -2.92635546 -2.92635546
 -2.92635546 -2.97944146 -3.07448674 -3.07448674 -3.07448674 -3.07448674
 -3.07448674 -3.07448674 -3.07448674 -3.07448674 -3.07448674 -3.07448674
 -3.07448674 -3.07448674 -3.08847926 -3.08847926 -3.08847926 -3.08847926
 -3.08847926 -3.08847926 -3.08847926 -3.08847926 -3.08847926 -3.08847926
 -3.08847926 -3.08847926 -3.08847926 -3.08847926 -3.08847926 -3.08847926
 -3.08847926 -3.21370764 -3.21370764 -3.21370764 -3.21370764 -3.21370764
 -3.21370764 -3.21370764 -3.33167449 -3.33167449 -3.33167449 -3.33167449
 -3.33167449 -3.33167449 -3.33167449 -3.33167449 -3.33167449 -3.33167449
 -3.33167449 -3.33167449 -3.33167449 -3.33167449 -3.33167449 -3.33167449
 -3.33167449 -3.33167449 -3.33167449 -3.33167449 -3.33167449 -3.33167449
 -3.33167449 -3.33167449 -3.33167449 -3.33167449]
[-0.76047232 -2.50883227 -2.50883227 -2.50883227 -2.50883227 -2.52385811
 -2.52385811 -2.52385811 -2.52385811 -2.52385811 -2.52385811 -2.52385811
 -2.70336495 -2.70336495 -2.70336495 -2.70336495 -2.70336495 -2.8545901
 -2.8545901  -2.8545901  -2.8545901  -2.8545901  -2.8545901  -3.09040701
 -3.09040701 -3.09040701 -3.09040701 -3.09040701 -3.09040701 -3.09040701
 -3.09040701 -3.09040701 -3.09040701 -3.09040701 -3.09040701 -3.09040701
 -3.09040701 -3.09040701 -3.09040701 -3.09040701 -3.09040701 -3.09040701
 -3.09040701 -3.09040701 -3.09040701 -3.09040701 -3.09040701 -3.09040701
 -3.09040701]
