[-1.08358656 -2.91618377 -3.16967609 -3.16967609 -3.16967609 -3.16967609
 -3.16967609 -3.32540556 -3.32540556 -3.41929047 -3.41929047 -3.41929047
 -3.41929047 -3.73979366 -3.73979366 -4.03179751 -4.03179751 -4.03179751
 -4.03179751 -4.03179751 -4.03179751 -4.03179751 -4.03179751 -4.03179751
 -4.03179751 -4.03179751 -4.03179751 -4.24938466 -4.24938466 -4.24938466
 -4.24938466 -4.24938466 -4.24938466 -4.24938466 -4.24938466 -4.24938466
 -4.24938466 -4.24938466 -4.24938466 -4.24938466 -4.24938466 -4.24938466
 -4.24938466 -4.24938466 -4.24938466 -4.24938466 -4.24938466 -4.24938466
 -4.24938466 -4.24938466 -4.24938466 -4.24938466 -4.24938466]
[-1.08358656 -3.08294471 -3.27515624 -3.27515624 -3.27515624 -3.31394012
 -3.39455072 -3.39455072 -3.39455072 -3.39455072 -3.41425752 -3.41425752
 -3.62515237 -3.62515237 -3.62515237 -3.73228342 -3.73228342 -3.73228342
 -3.73228342 -3.73228342 -3.73228342 -3.73228342 -4.11715807 -4.11715807
 -4.11715807 -4.11715807 -4.11715807 -4.11715807 -4.11715807 -4.11715807
 -4.11715807 -4.11715807 -4.11715807 -4.11715807 -4.11715807 -4.11715807
 -4.11715807 -4.21669807 -4.21669807 -4.21669807 -4.21669807 -4.21669807
 -4.21669807 -4.21669807 -4.21669807 -4.21669807 -4.21669807 -4.21669807
 -4.21669807 -4.21669807 -4.21669807 -4.21669807 -4.21669807 -4.21669807
 -4.21669807 -4.21669807 -4.21669807 -4.21669807 -4.21669807 -4.21669807
 -4.21669807 -4.21669807 -4.21669807]
[-1.08358656 -2.85468218 -2.87799501 -3.91473276 -3.91473276 -3.91473276
 -3.91473276 -3.91473276 -3.91473276 -3.91473276 -3.91473276 -3.91473276
 -3.91473276 -3.91473276 -3.91473276 -3.91473276 -3.91473276 -3.91473276
 -3.91473276 -3.98433875 -3.98433875 -3.98433875 -3.98433875 -3.98433875
 -3.98433875 -3.98433875 -3.98433875 -3.98433875 -3.98433875 -3.98433875
 -3.98433875 -3.98433875 -3.98433875 -3.98433875 -3.98433875 -3.98433875
 -3.98433875 -3.98433875 -3.98433875 -3.98433875 -3.98433875 -3.98433875
 -3.98433875 -3.98433875 -3.98433875]
[-1.08358656 -3.3007579  -3.3007579  -3.3007579  -3.53250982 -3.53250982
 -4.10336692 -4.10336692 -4.10336692 -4.10336692 -4.10336692 -4.10336692
 -4.10336692 -4.10336692 -4.10336692 -4.10336692 -4.10336692 -4.10336692
 -4.10336692 -4.10336692 -4.10336692 -4.10336692 -4.10336692 -4.10336692
 -4.10336692 -4.10336692 -4.10336692 -4.10336692 -4.10336692 -4.10336692
 -4.10336692 -4.10336692]
[-1.08358656 -3.15393393 -3.15393393 -3.22082409 -3.22082409 -3.22082409
 -3.60313294 -3.60313294 -3.60313294 -3.60313294 -3.60313294 -3.60313294
 -3.60313294 -3.60313294 -3.60313294 -3.60313294 -3.60313294 -3.65926761
 -3.74383213 -3.74383213 -3.74383213 -3.74383213 -3.7733299  -3.7733299
 -3.7733299  -3.7733299  -3.7733299  -3.7733299  -3.7733299  -3.78674153
 -3.78674153 -3.78674153 -3.78674153 -3.83273834 -3.83273834 -3.83273834
 -3.83273834 -3.83273834 -3.83273834 -3.83273834 -3.83273834 -3.83273834
 -3.83273834 -3.96259347 -3.96259347 -3.96259347 -3.96259347 -3.96259347
 -4.01734355 -4.01734355 -4.01734355 -4.01734355 -4.06835151 -4.06835151
 -4.10108189 -4.10108189 -4.17832412 -4.17832412 -4.2937535  -4.2937535
 -4.2937535  -4.2937535  -4.2937535  -4.2937535  -4.35973413 -4.35973413
 -4.35973413 -4.35973413 -4.35973413 -4.35973413 -4.35973413 -4.37210745
 -4.37210745 -4.37210745 -4.37210745 -4.37210745 -4.37210745 -4.37210745
 -4.37210745 -4.37210745 -4.37210745 -4.37210745 -4.37210745 -4.37210745
 -4.37210745 -4.49693804 -4.49693804 -4.49693804 -4.49693804 -4.49693804
 -4.49693804 -4.49693804 -4.49693804 -4.49693804 -4.49693804 -4.49693804
 -4.49693804 -4.49693804 -4.49693804 -4.49693804 -4.49693804 -4.49693804
 -4.49693804 -4.49693804 -4.49693804 -4.49693804 -4.49693804 -4.49693804
 -4.49693804 -4.49693804 -4.49693804]
