[ 252.63157895  505.26315789 1263.15789474 1515.78947368  926.31578947
    0.         1431.57894737  505.26315789  252.63157895  842.10526316
 1178.94736842 1515.78947368  421.05263158  757.89473684 1347.36842105
   84.21052632  505.26315789  842.10526316 1094.73684211 1431.57894737
 1347.36842105 1600.          926.31578947 1178.94736842]
[   0.          252.63157895  842.10526316 1263.15789474 1600.
    0.          757.89473684  252.63157895 1347.36842105 1600.
 1094.73684211  589.47368421  926.31578947    0.          336.84210526
 1515.78947368 1263.15789474    0.          421.05263158 1010.52631579
 1347.36842105 1600.          505.26315789   84.21052632  757.89473684
 1010.52631579]
[ 168.42105263  589.47368421  926.31578947 1600.         1347.36842105
  336.84210526  505.26315789  926.31578947 1600.          336.84210526
   84.21052632  757.89473684 1431.57894737  757.89473684 1600.
   84.21052632 1431.57894737 1600.          336.84210526 1010.52631579
 1263.15789474   84.21052632 1515.78947368  926.31578947 1178.94736842]
[   0.          252.63157895 1178.94736842 1600.          673.68421053
  926.31578947  505.26315789 1178.94736842  252.63157895  757.89473684
  421.05263158    0.          926.31578947  421.05263158 1347.36842105
   84.21052632  757.89473684 1178.94736842 1515.78947368  673.68421053
  336.84210526   84.21052632 1178.94736842 1600.          673.68421053
  252.63157895 1010.52631579 1515.78947368]
[   0.          252.63157895  505.26315789  757.89473684 1010.52631579
  168.42105263  505.26315789 1263.15789474  757.89473684 1094.73684211
    0.         1263.15789474  252.63157895 1010.52631579  757.89473684
  421.05263158    0.         1347.36842105  926.31578947 1178.94736842
  505.26315789    0.         1600.          252.63157895  505.26315789
  842.10526316]
