[ 757.89473684 1431.57894737  505.26315789 1094.73684211  757.89473684
  336.84210526 1600.            0.         1178.94736842  421.05263158
 1600.          673.68421053    0.         1178.94736842 1431.57894737
   84.21052632 1094.73684211  757.89473684   84.21052632 1600.        ]
[ 336.84210526 1263.15789474 1010.52631579 1515.78947368    0.
  757.89473684 1263.15789474  252.63157895 1600.            0.
 1600.          842.10526316  252.63157895 1515.78947368    0.
  421.05263158 1515.78947368    0.          589.47368421]
[ 252.63157895  842.10526316 1263.15789474 1600.           84.21052632
  505.26315789 1178.94736842    0.         1431.57894737  505.26315789
    0.         1094.73684211   84.21052632 1094.73684211  842.10526316
   84.21052632 1263.15789474  505.26315789 1010.52631579 1600.        ]
[   0.         1178.94736842 1010.52631579 1600.            0.
  252.63157895  589.47368421 1600.         1178.94736842  336.84210526
 1600.         1263.15789474  673.68421053 1600.            0.
 1094.73684211  252.63157895 1431.57894737  842.10526316 1600.        ]
[ 252.63157895 1431.57894737    0.          673.68421053 1094.73684211
  252.63157895 1515.78947368    0.          505.26315789 1263.15789474
    0.          926.31578947   84.21052632 1263.15789474  673.68421053
 1515.78947368    0.          505.26315789 1515.78947368]
