[ 252.63157895  589.47368421  926.31578947 1600.         1094.73684211
  252.63157895    0.         1515.78947368  842.10526316  168.42105263
  757.89473684 1600.          421.05263158 1094.73684211    0.
 1515.78947368  168.42105263  421.05263158  842.10526316 1347.36842105
    0.         1515.78947368]
[ 421.05263158  168.42105263 1010.52631579  421.05263158    0.
 1178.94736842 1515.78947368  757.89473684  252.63157895  505.26315789
 1600.          842.10526316 1094.73684211 1431.57894737  252.63157895
  421.05263158  673.68421053 1263.15789474   84.21052632  673.68421053
 1010.52631579 1347.36842105]
[1431.57894737  505.26315789 1178.94736842    0.          252.63157895
 1178.94736842  926.31578947  252.63157895  505.26315789 1263.15789474
 1600.          842.10526316  252.63157895   84.21052632 1178.94736842
 1600.          252.63157895  505.26315789 1263.15789474   84.21052632
  842.10526316 1515.78947368]
[1010.52631579  252.63157895  589.47368421 1600.         1178.94736842
  926.31578947    0.         1010.52631579 1600.          505.26315789
  926.31578947 1515.78947368  252.63157895 1010.52631579 1347.36842105
 1600.            0.          589.47368421  168.42105263 1010.52631579
 1600.         1263.15789474]
[   0.          252.63157895  842.10526316 1178.94736842 1515.78947368
  589.47368421  252.63157895 1600.         1263.15789474  926.31578947
 1515.78947368  252.63157895 1263.15789474 1515.78947368  336.84210526
  589.47368421 1094.73684211 1347.36842105 1600.            0.
  505.26315789 1010.52631579 1347.36842105]
