[   0.          757.89473684 1431.57894737    0.          252.63157895
  757.89473684 1600.           84.21052632 1600.          757.89473684
  168.42105263 1515.78947368]
[1600.          926.31578947    0.          926.31578947 1600.
   84.21052632  673.68421053 1347.36842105    0.          842.10526316]
[ 673.68421053 1600.          252.63157895 1431.57894737 1515.78947368
    0.          336.84210526 1600.          336.84210526]
[1010.52631579  505.26315789 1431.57894737    0.            0.
 1515.78947368  926.31578947  421.05263158 1515.78947368   84.21052632]
[  84.21052632 1431.57894737 1515.78947368  168.42105263 1178.94736842
  252.63157895  421.05263158 1515.78947368    0.          926.31578947
 1600.        ]
