[2.2981896  2.17115561 2.16058783 2.15696192 2.15696192 2.15696192
 2.15696192 2.15696192 2.15696192 2.15696192 2.12946754 2.12946754
 2.12946754 2.12946754 2.12946754 2.12946754 2.12946754 2.12946754
 2.12946754 2.12946754 2.12946754 2.12946754 2.12946754 2.12946754
 2.12946754 2.12946754 2.10964513 2.10964513 2.10964513 2.10964513
 2.10964513 2.10964513 2.10964513 2.10964513 2.10964513 2.10964513
 2.10964513 2.10964513 2.10964513 2.10964513 2.10964513 2.10964513
 2.10964513 2.10964513 2.10964513 2.10964513 2.10964513 2.10964513
 2.10964513 2.10964513 2.10964513 2.10964513]
[2.2981896  2.18128985 2.18128985 2.16384601 2.15160268 2.15160268
 2.15160268 2.15160268 2.15160268 2.15160268 2.15160268 2.15160268
 2.15109596 2.15109596 2.15109596 2.15109596 2.15109596 2.15109596
 2.15109596 2.15109596 2.15109596 2.15109596 2.15109596 2.14536427
 2.14536427 2.14536427 2.14536427 2.14536427 2.14002151 2.12608795
 2.12608795 2.12608795 2.12608795 2.12608795 2.12608795 2.12608795
 2.12608795 2.12608795 2.12608795 2.12608795 2.12608795 2.12608795
 2.12608795 2.12608795 2.12608795 2.12608795 2.12608795 2.12608795
 2.12608795 2.12608795 2.12608795 2.12608795 2.12608795 2.12608795
 2.10045871 2.10045871 2.10045871 2.10045871 2.10045871 2.10045871
 2.10045871 2.10045871 2.10045871 2.10045871 2.10045871 2.10045871
 2.10045871 2.10045871 2.10045871 2.10045871 2.10045871 2.10045871
 2.10045871 2.10045871 2.10045871 2.10045871 2.10045871 2.10045871
 2.10045871 2.10045871]
[2.2981896  2.18387844 2.18387844 2.17314775 2.17314775 2.15494317
 2.15494317 2.15494317 2.15494317 2.1466731  2.1466731  2.1466731
 2.1466731  2.1466731  2.1466731  2.1466731  2.1466731  2.1466731
 2.1466731  2.12246979 2.12246979 2.12246979 2.12246979 2.12246979
 2.12246979 2.12246979 2.12246979 2.1189526  2.1189526  2.1189526
 2.1189526  2.1189526  2.1189526  2.1189526  2.1189526  2.1189526
 2.1189526  2.1189526  2.1189526  2.1189526  2.1189526  2.1189526
 2.1189526  2.1189526  2.1189526  2.1189526  2.1189526  2.1189526
 2.1189526  2.1189526  2.1189526  2.1189526  2.1189526 ]
[2.2981896  2.18942629 2.15645032 2.14422203 2.14422203 2.14422203
 2.14422203 2.14422203 2.14422203 2.14422203 2.14422203 2.14422203
 2.14422203 2.14422203 2.14422203 2.14422203 2.14422203 2.14422203
 2.14293637 2.14293637 2.14293637 2.14293637 2.14293637 2.14293637
 2.14293637 2.14293637 2.14293637 2.14293637 2.14293637 2.14293637
 2.14293637 2.14293637 2.14293637 2.14293637 2.14293637 2.14293637
 2.14293637 2.14293637 2.14293637 2.14293637 2.14293637 2.14293637
 2.14293637 2.14293637]
[2.2981896  2.18472969 2.15196406 2.15196406 2.15196406 2.15196406
 2.15196406 2.15196406 2.15196406 2.15196406 2.15196406 2.15113036
 2.15113036 2.15113036 2.15113036 2.15113036 2.15113036 2.15113036
 2.15113036 2.15113036 2.15113036 2.15113036 2.13642637 2.13642637
 2.13642637 2.13642637 2.13642637 2.13642637 2.13642637 2.13642637
 2.13642637 2.13642637 2.13642637 2.13642637 2.13642637 2.13642637
 2.13642637 2.13642637 2.13642637 2.13642637 2.13642637 2.12411359
 2.12411359 2.12411359 2.12411359 2.12411359 2.12411359 2.12411359
 2.1151654  2.1151654  2.1151654  2.1151654  2.1151654  2.1151654
 2.1151654  2.1151654  2.1151654  2.1151654  2.1151654  2.1151654
 2.1151654  2.1151654  2.1151654  2.1151654  2.1151654  2.1151654
 2.1151654  2.1151654  2.1151654  2.1151654  2.1151654  2.1151654
 2.1151654  2.1151654 ]
