[ 505.26315789  926.31578947  757.89473684   84.21052632  421.05263158
  842.10526316 1263.15789474  168.42105263  589.47368421  842.10526316
 1178.94736842 1431.57894737    0.          252.63157895 1600.        ]
[  84.21052632 1431.57894737  842.10526316 1600.            0.
  589.47368421  421.05263158 1178.94736842    0.          421.05263158
  757.89473684 1010.52631579 1263.15789474 1010.52631579 1263.15789474
 1515.78947368]
[ 252.63157895 1515.78947368 1178.94736842    0.          505.26315789
 1263.15789474  842.10526316 1010.52631579 1263.15789474 1431.57894737
    0.         1010.52631579 1263.15789474 1600.            0.
  421.05263158]
[ 168.42105263    0.          336.84210526  757.89473684 1178.94736842
 1431.57894737  505.26315789 1178.94736842  336.84210526 1431.57894737
  842.10526316  421.05263158 1178.94736842  673.68421053]
[   0.         1600.          842.10526316  505.26315789   84.21052632
  673.68421053 1263.15789474 1347.36842105  673.68421053 1010.52631579
  421.05263158  842.10526316 1178.94736842 1515.78947368]
