[ 336.84210526  926.31578947    0.          673.68421053 1515.78947368
    0.         1094.73684211  505.26315789 1600.         1347.36842105
  252.63157895  421.05263158    0.         1515.78947368  673.68421053
  926.31578947 1263.15789474 1515.78947368]
[  84.21052632  336.84210526  757.89473684  926.31578947 1347.36842105
  336.84210526 1347.36842105  252.63157895 1431.57894737    0.
  336.84210526  589.47368421 1431.57894737 1515.78947368  252.63157895
  505.26315789]
[ 252.63157895  505.26315789 1600.            0.         1178.94736842
   84.21052632 1347.36842105  336.84210526  673.68421053  168.42105263
  505.26315789  757.89473684 1263.15789474 1515.78947368    0.
  757.89473684  168.42105263  757.89473684 1010.52631579 1431.57894737]
[ 252.63157895  505.26315789  842.10526316    0.          336.84210526
 1263.15789474  757.89473684    0.          421.05263158 1515.78947368
  673.68421053    0.          505.26315789  926.31578947 1263.15789474
  673.68421053    0.          336.84210526 1263.15789474  926.31578947]
[ 252.63157895  505.26315789 1263.15789474    0.          757.89473684
  336.84210526 1178.94736842  757.89473684 1600.         1094.73684211
  168.42105263  842.10526316 1515.78947368  421.05263158 1263.15789474
  421.05263158  926.31578947 1263.15789474]
