[  0.         266.66666667 622.22222222   0.         800.
 266.66666667 800.           0.         266.66666667 533.33333333
 800.        ]
[  0.         266.66666667 533.33333333 800.         800.
 444.44444444 800.         266.66666667 533.33333333 800.        ]
[  0.         266.66666667 533.33333333 800.         177.77777778
 444.44444444 800.         266.66666667 533.33333333 800.        ]
[  0.         266.66666667 711.11111111   0.         266.66666667
 533.33333333 800.           0.         266.66666667 533.33333333
 800.        ]
[  0.         266.66666667 800.           0.         266.66666667
 266.66666667 533.33333333 800.         533.33333333 800.        ]
