[  0.         266.66666667 622.22222222   0.         800.
 266.66666667 533.33333333 800.           0.         177.77777778
 533.33333333 800.        ]
[  0.         266.66666667 622.22222222 800.           0.
 355.55555556 533.33333333   0.         800.          88.88888889
 533.33333333 800.        ]
[  0.         266.66666667 711.11111111   0.         266.66666667
 622.22222222 800.           0.         355.55555556 177.77777778
 533.33333333 800.        ]
[  0.         266.66666667 622.22222222   0.         355.55555556
 800.          88.88888889 800.         266.66666667   0.
 533.33333333 800.        ]
[  0.         266.66666667 533.33333333   0.         800.
 266.66666667 800.           0.         355.55555556 177.77777778
 533.33333333 800.        ]
