[-1.08358251 -1.48625316 -1.62158624 -1.62158624 -1.62158624 -1.69097524
 -1.73337651 -1.73337651 -1.73837479 -1.74115124 -2.09009393 -2.09009393
 -2.09009393 -2.09009393 -2.09009393 -2.09009393 -2.09009393 -2.09009393
 -2.09009393 -2.09009393 -2.09009393 -2.09009393 -2.09009393 -2.09009393
 -2.09009393 -2.09009393 -2.09009393 -2.09009393 -2.29491684 -2.29491684
 -2.29491684 -2.29491684 -2.29491684 -2.29491684 -2.32397854 -2.32397854
 -2.32397854 -2.32397854 -2.32397854 -2.32397854 -2.32397854 -2.32397854
 -2.32397854 -2.32397854 -2.35042723 -2.35042723 -2.42436035 -2.42436035
 -2.42436035 -2.42436035 -2.42436035 -2.42436035 -2.42436035 -2.42436035
 -2.42436035 -2.42436035 -2.48307015 -2.48307015 -2.48307015 -2.48307015
 -2.48307015 -2.48307015 -2.48307015 -2.48307015 -2.50724057 -2.52556929
 -2.55897615 -2.55897615 -2.55897615 -2.55897615 -2.55897615 -2.55911872
 -2.55911872 -2.55911872 -2.55911872 -2.55911872 -2.55911872 -2.57345295
 -2.57345295 -2.57345295 -2.57345295 -2.57345295 -2.57345295 -2.57345295
 -2.57345295 -2.68633126 -2.68633126 -2.68633126 -2.68633126 -2.68633126
 -2.7218589  -2.7218589  -2.7218589  -2.7218589  -2.7218589  -2.7218589
 -2.7218589  -2.7218589  -2.7218589  -2.7218589  -2.7218589  -2.7218589
 -2.72902443 -2.72902443 -2.72902443 -2.8172435  -2.8172435  -2.8172435
 -2.8172435  -2.8172435  -2.8172435  -2.8172435  -2.8172435  -2.8172435
 -2.8172435  -2.8172435  -2.8172435  -2.8172435  -2.8172435  -2.8172435
 -2.8172435  -2.8172435  -2.8172435  -2.8172435  -2.8172435  -2.8172435
 -2.82808354 -2.82808354 -2.82808354 -2.82808354 -2.82808354 -2.82808354
 -2.82808354 -2.82808354 -2.82808354 -2.82808354 -2.82808354 -2.82808354
 -2.82808354 -2.82808354 -2.92909565 -2.92909565 -2.92909565 -2.92909565
 -2.92909565 -2.92909565 -2.92909565 -2.92909565 -2.92909565 -2.92909565
 -2.92909565 -2.92909565 -2.92909565 -2.92909565 -2.92909565 -2.92909565
 -2.92909565 -2.92909565 -2.92909565 -2.92909565 -2.92909565 -2.92909565
 -2.92909565 -2.92909565 -2.92909565 -2.92909565]
[-1.08358241 -1.61618145 -1.61618145 -1.61618145 -1.61618145 -1.61618145
 -1.65546976 -1.65546976 -1.82245669 -1.82245669 -1.82245669 -1.82245669
 -1.90558695 -2.28600143 -2.28600143 -2.28600143 -2.28600143 -2.28600143
 -2.28600143 -2.28600143 -2.28600143 -2.28600143 -2.28600143 -2.28600143
 -2.28600143 -2.28600143 -2.28600143 -2.28600143 -2.28600143 -2.28600143
 -2.28600143 -2.28600143 -2.28600143 -2.28600143 -2.28600143 -2.28600143
 -2.28600143 -2.31351048 -2.31351048 -2.31351048 -2.31351048 -2.31351048
 -2.31351048 -2.31351048 -2.31351048 -2.31456132 -2.31456132 -2.31456132
 -2.36869471 -2.39137916 -2.43928849 -2.43928849 -2.51040106 -2.51040106
 -2.51040106 -2.51040106 -2.51040106 -2.51040106 -2.51040106 -2.51040106
 -2.51040106 -2.51040106 -2.51040106 -2.51040106 -2.51040106 -2.51040106
 -2.57025968 -2.57025968 -2.57025968 -2.57025968 -2.57025968 -2.57025968
 -2.57025968 -2.57628771 -2.57628771 -2.57628771 -2.57628771 -2.71003905
 -2.71003905 -2.71003905 -2.71003905 -2.71003905 -2.71003905 -2.71003905
 -2.71003905 -2.71003905 -2.71003905 -2.71003905 -2.71003905 -2.71003905
 -2.71003905 -2.71003905 -2.71003905 -2.71003905 -2.71003905 -2.71003905
 -2.71003905 -2.71003905 -2.71003905 -2.71003905 -2.71003905 -2.71003905
 -2.71003905]
[-1.08358655 -1.60044971 -1.60044971 -1.60044971 -1.60044971 -1.61964358
 -1.61964358 -1.6545799  -1.73232721 -1.7491725  -1.7491725  -1.79347581
 -1.85502704 -1.90542392 -1.91159371 -1.91159371 -1.97794204 -1.97794204
 -1.97794204 -1.97794204 -2.05551055 -2.05551055 -2.05551055 -2.05551055
 -2.06429592 -2.06429592 -2.20554527 -2.20554527 -2.20554527 -2.27601188
 -2.27601188 -2.27601188 -2.27601188 -2.27601188 -2.27601188 -2.27601188
 -2.27601188 -2.27601188 -2.27601188 -2.27601188 -2.27601188 -2.27601188
 -2.27601188 -2.45268261 -2.45268261 -2.45268261 -2.45268261 -2.45268261
 -2.45268261 -2.45268261 -2.45268261 -2.45268261 -2.45268261 -2.45268261
 -2.45268261 -2.45268261 -2.45268261 -2.45268261 -2.45268261 -2.45268261
 -2.45268261 -2.45268261 -2.45268261 -2.45268261 -2.45268261 -2.45268261
 -2.45268261 -2.45268261 -2.45268261]
[-1.08358591 -1.66315733 -1.66315733 -1.66315733 -1.66315733 -1.66315733
 -1.66315733 -1.66357361 -1.772267   -1.77339304 -2.01059857 -2.01059857
 -2.01059857 -2.01059857 -2.01059857 -2.01059857 -2.01059857 -2.01059857
 -2.01059857 -2.01059857 -2.0244832  -2.0244832  -2.0244832  -2.0244832
 -2.0244832  -2.25421729 -2.25421729 -2.25421729 -2.25421729 -2.3174485
 -2.3174485  -2.3174485  -2.3174485  -2.3174485  -2.33353427 -2.33353427
 -2.33353427 -2.33353427 -2.33353427 -2.33353427 -2.53124043 -2.53124043
 -2.53124043 -2.53124043 -2.53124043 -2.53124043 -2.53124043 -2.53124043
 -2.53124043 -2.53124043 -2.53124043 -2.53124043 -2.53124043 -2.53124043
 -2.53124043 -2.53124043 -2.53770699 -2.53770699 -2.57421787 -2.57421787
 -2.57421787 -2.57421787 -2.57421787 -2.57421787 -2.57421787 -2.57421787
 -2.57421787 -2.57421787 -2.57421787 -2.57421787 -2.57421787 -2.57421787
 -2.60652125 -2.60652125 -2.64057131 -2.66168251 -2.66168251 -2.74696141
 -2.74696141 -2.74696141 -2.74696141 -2.74696141 -2.74696141 -2.74696141
 -2.74696141 -2.74696141 -2.74696141 -2.77076886 -2.77076886 -2.77076886
 -2.77076886 -2.79029088 -2.79029088 -2.79029088 -2.79029088 -2.79029088
 -2.79029088 -2.79029088 -2.79029088 -2.79029088 -2.81737272 -2.81737272
 -2.81737272 -2.81737272 -2.81737272 -2.83244849 -2.83244849 -2.83244849
 -2.83244849 -2.83244849 -2.83244849 -2.92909565 -2.92909565 -2.92909565
 -2.92909565 -2.92909565 -2.92909565 -2.92909565 -2.92909565 -2.92909565
 -2.92909565 -2.92909565 -2.92909565 -2.92909565 -2.92909565 -2.92909565
 -2.92909565 -2.92909565 -2.92909565 -2.92909565 -2.92909565 -2.92909565
 -2.92909565 -2.92909565 -2.92909565 -2.92909565 -2.92909565]
[-1.08358302 -1.44627926 -1.50973582 -1.68073458 -1.68073458 -1.68073458
 -1.70194179 -1.77364948 -1.77364948 -1.77364948 -1.85708798 -1.86803824
 -1.86803824 -1.86803824 -1.86803824 -1.86803824 -1.88869702 -1.88869702
 -1.88869702 -1.9018815  -2.02566705 -2.02566705 -2.02566705 -2.07758671
 -2.07758671 -2.07758671 -2.07758671 -2.08061724 -2.08061724 -2.08061724
 -2.23744017 -2.23744017 -2.23744017 -2.23744017 -2.23744017 -2.23744017
 -2.23744017 -2.23744017 -2.23744017 -2.23744017 -2.23744017 -2.23744017
 -2.23744017 -2.23744017 -2.23744017 -2.23744017 -2.23744017 -2.33689336
 -2.33689336 -2.33689336 -2.33689336 -2.33689336 -2.33689336 -2.33689336
 -2.33689336 -2.33689336 -2.37324258 -2.41520347 -2.41520347 -2.41520347
 -2.48779543 -2.48779543 -2.48779543 -2.48779543 -2.48779543 -2.48779543
 -2.48779543 -2.58577979 -2.58577979 -2.58577979 -2.58577979 -2.58577979
 -2.58577979 -2.58577979 -2.58577979 -2.58577979 -2.59954353 -2.59954353
 -2.59954353 -2.59954353 -2.63804546 -2.63804546 -2.63804546 -2.64668505
 -2.64668505 -2.64668505 -2.64668505 -2.64668505 -2.64668505 -2.66048965
 -2.67021857 -2.67021857 -2.67021857 -2.67021857 -2.71229264 -2.71229264
 -2.71229264 -2.71229264 -2.71229264 -2.71229264 -2.71229264 -2.71229264
 -2.71229264 -2.71229264 -2.71229264 -2.71229264 -2.71229264 -2.71229264
 -2.71229264 -2.71229264 -2.78189417 -2.78189417 -2.78189417 -2.78189417
 -2.78189417 -2.78189417 -2.78189417 -2.78189417 -2.78189417 -2.78189417
 -2.78189417 -2.78189417 -2.78189417 -2.78189417 -2.78189417 -2.78189417
 -2.78189417 -2.78189417 -2.78189417 -2.7852065  -2.7852065  -2.7852065
 -2.7852065  -2.7852065  -2.7852065  -2.7852065  -2.7852065  -2.7852065
 -2.7852065  -2.7852065  -2.7852065  -2.7852065  -2.7852065  -2.7852065
 -2.7852065  -2.7852065  -2.7852065  -2.7852065  -2.7852065  -2.82808354
 -2.82808354 -2.82808354 -2.82808354 -2.82808354 -2.82808354 -2.82808354
 -2.82808354 -2.82808354 -2.83244849 -2.83244849 -2.83244849 -2.83244849
 -2.83244849 -2.83244849 -2.83244849 -2.83244849 -2.92909565 -2.92909565
 -2.92909565 -2.92909565 -2.92909565 -2.92909565 -2.92909565 -2.92909565
 -2.92909565 -2.92909565 -2.92909565 -2.92909565 -2.92909565 -2.92909565
 -2.92909565 -2.92909565 -2.92909565 -2.92909565 -2.92909565 -2.92909565
 -2.92909565 -2.92909565 -2.92909565 -2.92909565 -2.92909565 -2.92909565]
