[  0.         266.66666667 533.33333333 800.           0.
 266.66666667 533.33333333 800.           0.         266.66666667
 533.33333333 800.           0.         266.66666667 533.33333333
 800.        ]
[  0.         266.66666667 533.33333333 800.         177.77777778
 533.33333333 800.           0.         266.66666667 533.33333333
 800.         177.77777778 533.33333333 800.        ]
[  0.         266.66666667 533.33333333 800.          88.88888889
 355.55555556 622.22222222 177.77777778 444.44444444 800.
   0.         266.66666667 622.22222222]
[  0.         266.66666667 533.33333333 800.           0.
 266.66666667 533.33333333 800.           0.         266.66666667
 533.33333333 800.           0.         266.66666667 533.33333333
 800.        ]
[  0.         266.66666667 533.33333333 800.           0.
 266.66666667 533.33333333 800.           0.         266.66666667
 533.33333333 800.           0.         266.66666667 533.33333333
 800.        ]
