[2.29819954 2.27170301 2.26983172 2.26983172 2.26983172 2.26983172
 2.26983172 2.26983172 2.26409598 2.26409598 2.24964947 2.24964947
 2.24964947 2.24964947 2.24964947 2.22852698 2.22852698 2.22852698
 2.22852698 2.22852698 2.22852698 2.22852698 2.22852698 2.22337296
 2.22337296 2.22337296 2.22337296 2.22337296 2.22337296 2.22337296
 2.22337296 2.22337296 2.22337296 2.22337296 2.22337296 2.22337296
 2.20704857 2.20704857 2.20704857 2.20704857 2.20704857 2.20704857
 2.20704857 2.20704857 2.20704857 2.20704857 2.20704857 2.20704857
 2.20704857 2.20704857 2.20704857 2.20704857 2.20704857 2.20704857
 2.20704857 2.20704857 2.20537992 2.20537992 2.20537992 2.20537992
 2.18807702 2.18807702 2.18807702 2.18807702 2.18807702 2.18807702
 2.18807702 2.18807702 2.18807702 2.18807702 2.18807702 2.18807702
 2.18807702 2.18807702 2.18807702 2.18807702 2.18807702 2.18807702
 2.18807702 2.18807702 2.18807702 2.18807702 2.18807702 2.18807702
 2.18807702 2.18807702]
[2.29819958 2.29819958 2.27082702 2.27082702 2.27082702 2.27082702
 2.27065015 2.25956502 2.25956502 2.25956502 2.2509957  2.2509957
 2.2509957  2.2509957  2.2509957  2.24900861 2.23485843 2.22533078
 2.22533078 2.22533078 2.22533078 2.22533078 2.22533078 2.22533078
 2.22533078 2.22533078 2.21992228 2.21992228 2.21992228 2.21992228
 2.20634566 2.20634566 2.20634566 2.20634566 2.20634566 2.20328491
 2.20328491 2.20328491 2.20328491 2.20328491 2.20328491 2.20328491
 2.20328491 2.20328491 2.20328491 2.20328491 2.20288294 2.19309601
 2.19309601 2.19309601 2.19309601 2.19309601 2.18822293 2.18822293
 2.18822293 2.18753997 2.18753997 2.1865411  2.1865411  2.1865411
 2.1865411  2.1865411  2.1865411  2.1865411  2.1865411  2.1865411
 2.1865411  2.1865411  2.1865411  2.1865411  2.1865411  2.1865411
 2.1865411  2.1865411  2.1865411  2.1865411  2.1865411  2.1865411
 2.1865411  2.1865411  2.1865411  2.1865411  2.1865411 ]
[2.29821324 2.28198842 2.27331527 2.25143521 2.25143521 2.25143521
 2.25143521 2.25035227 2.25035227 2.25035227 2.25035227 2.24687012
 2.24687012 2.24687012 2.24687012 2.24382873 2.24371401 2.23059123
 2.23059123 2.2168245  2.2168245  2.2168245  2.2168245  2.2168245
 2.2168245  2.2168245  2.2168245  2.2168245  2.2168245  2.2168245
 2.21331884 2.21331884 2.21331884 2.21331884 2.21331884 2.21331884
 2.21021402 2.21021402 2.21021402 2.21004973 2.21004973 2.21004973
 2.21004973 2.21004973 2.21004973 2.20914329 2.20914329 2.20914329
 2.20914329 2.20436153 2.20436153 2.20436153 2.20436153 2.20436153
 2.20436153 2.20436153 2.20436153 2.20436153 2.19864224 2.19864224
 2.19864224 2.19864224 2.19864224 2.19649593 2.19060627 2.19060627
 2.19060627 2.19060627 2.19060627 2.19060627 2.19060627 2.19060627
 2.19060627 2.19060627 2.19060627 2.19060627 2.19060627 2.18847015
 2.18847015 2.18847015 2.18847015 2.18847015 2.18847015 2.18847015
 2.18847015 2.18765879 2.18765879 2.18765879 2.18765879 2.18742473
 2.18656167 2.18656167 2.18656167 2.18656167 2.18656167 2.18656167
 2.18656167 2.18656167 2.18656167 2.18656167 2.18656167 2.18656167
 2.18656167 2.18656167 2.18656167 2.18656167 2.18656167 2.18656167
 2.18656167 2.18656167 2.18656167 2.18656167 2.18656167 2.18656167
 2.18656167 2.18656167]
[2.2981896  2.25733374 2.25733374 2.25733374 2.25733374 2.25733374
 2.25733374 2.25733374 2.25733374 2.25689905 2.25689905 2.25689905
 2.25527477 2.25527477 2.24426692 2.24426692 2.24426692 2.24089527
 2.24089527 2.24089527 2.24089527 2.24089527 2.23409375 2.23409375
 2.23409375 2.23409375 2.2332762  2.2332762  2.22350995 2.22350995
 2.22350995 2.22350995 2.22350995 2.20876104 2.20876104 2.20876104
 2.20876104 2.20876104 2.20876104 2.20876104 2.20876104 2.20876104
 2.20876104 2.20512562 2.20512562 2.20512562 2.19954052 2.19954052
 2.19954052 2.19954052 2.19954052 2.19954052 2.19954052 2.19954052
 2.19475215 2.19475215 2.19083726 2.19083726 2.19083726 2.19083726
 2.19083726 2.19083726 2.18969316 2.18969316 2.18969316 2.18969316
 2.18969316 2.18969316 2.18969316 2.18969316 2.18969316 2.18969316
 2.18969316 2.18969316 2.18816482 2.18816482 2.18816482 2.18816482
 2.18796689 2.18516403 2.18516403 2.18516403 2.18516403 2.18516403
 2.18516403 2.18516403 2.18516403 2.18516403 2.18516403 2.18516403
 2.18516403 2.18516403 2.18516403 2.18516403 2.18516403 2.18516403
 2.18516403 2.18516403 2.18516403 2.18516403 2.18516403 2.18516403
 2.18412919 2.18412919 2.18412919 2.18412919 2.18412919 2.18412919
 2.18412919 2.18412919 2.18412919 2.18412919 2.18412919 2.18412919
 2.18412919 2.18412919 2.18412919 2.18412919 2.18412919 2.18412919
 2.18412919 2.18412919 2.18412919 2.18412919 2.18412919 2.18412919
 2.18412919 2.18412919]
[2.29818969 2.28754756 2.26996134 2.26996134 2.25597061 2.25597061
 2.25597061 2.25597061 2.24761363 2.24761363 2.24342104 2.24342104
 2.24124355 2.23224249 2.23224249 2.23224249 2.23224249 2.23224249
 2.23224249 2.22518782 2.22518782 2.22518782 2.22518782 2.22518782
 2.22518782 2.22518782 2.22518782 2.22447998 2.22447998 2.22447998
 2.22447998 2.22447998 2.22342115 2.2150802  2.2150802  2.2150802
 2.21043722 2.21043722 2.20621845 2.20621845 2.20621845 2.20621845
 2.20621845 2.20621845 2.20621845 2.20441535 2.20441535 2.20441535
 2.20441535 2.20441535 2.20441535 2.20441535 2.20441535 2.20441535
 2.20441535 2.20441535 2.20441535 2.20441535 2.20441535 2.20441535
 2.20441535 2.19823646 2.19823646 2.19823646 2.19823646 2.18889862
 2.18889862 2.18889862 2.18889862 2.18835275 2.18835275 2.18835275
 2.18835275 2.18835275 2.18835275 2.18835275 2.18835275 2.18835275
 2.18835275 2.18835275 2.18835275 2.18835275 2.18835275 2.18835275
 2.18835275 2.18835275 2.18835275 2.18835275 2.18835275 2.18835275
 2.1882985  2.1882985  2.1882985  2.1882985  2.1882985  2.18743448
 2.18743448 2.18743448 2.18743448 2.18743448 2.18743448 2.18743448
 2.18743448 2.18743448 2.18743448 2.18743448 2.18743448 2.18743448
 2.18743448 2.18743448 2.18743448 2.18743448 2.18743448 2.18743448
 2.18743448 2.18743448 2.18743448 2.18743448 2.18711376 2.18711376
 2.18711376 2.18711376 2.18711376 2.18711376 2.18711376 2.18711376
 2.18711376 2.18711376 2.18711376 2.18711376 2.18711376 2.18711376
 2.18711376 2.18711376 2.18711376 2.18711376 2.18711376 2.18711376
 2.18711376 2.18711376 2.18711376 2.18711376 2.18711376 2.18711376]
