[-0.76007322 -0.93456209 -0.93456209 -1.00348476 -1.00348476 -1.06505788
 -1.06505788 -1.06505788 -1.32757056 -1.32757056 -1.32757056 -1.32757056
 -1.32757056 -1.32757056 -1.42128734 -1.42128734 -1.42128734 -1.42128734
 -1.42128734 -1.42128734 -1.42128734 -1.42128734 -1.42128734 -1.49377228
 -1.5256866  -1.5256866  -1.53861575 -1.53861575 -1.53861575 -1.54187059
 -1.54187059 -1.65430532 -1.65430532 -1.65430532 -1.65430532 -1.65430532
 -1.65430532 -1.65430532 -1.75201737 -1.75201737 -1.75201737 -1.75201737
 -1.75201737 -1.75201737 -1.75201737 -1.75201737 -1.75279212 -1.76391436
 -1.76391436 -1.76391436 -1.77166681 -1.77166681 -1.86643751 -1.86643751
 -1.86643751 -1.86643751 -1.86643751 -1.86643751 -1.86643751 -1.93349437
 -1.93349437 -1.93349437 -1.93349437 -1.93349437 -1.93349437 -1.93349437
 -1.93349437 -1.93349437 -1.93349437 -1.93349437 -1.93349437 -1.93349437
 -1.93349437 -1.93349437 -1.93349437 -1.93349437 -1.93349437 -1.93349437
 -1.93349437 -1.93349437 -1.93349437 -1.93349437 -1.93349437 -1.93349437
 -1.93349437]
[-0.76047218 -1.13302369 -1.13302369 -1.13302369 -1.13302369 -1.13302369
 -1.13302369 -1.13302369 -1.13302369 -1.20061308 -1.20061308 -1.33095809
 -1.33095809 -1.38337683 -1.38337683 -1.38337683 -1.38337683 -1.38337683
 -1.50705552 -1.50705552 -1.50705552 -1.50705552 -1.50705552 -1.50705552
 -1.50705552 -1.50705552 -1.50705552 -1.51594175 -1.51594175 -1.60134321
 -1.60134321 -1.60134321 -1.60134321 -1.60134321 -1.60134321 -1.60134321
 -1.60134321 -1.60134321 -1.60134321 -1.60134321 -1.60134321 -1.60134321
 -1.60134321 -1.61963131 -1.61963131 -1.68091795 -1.68091795 -1.71585529
 -1.71585529 -1.7378034  -1.75068421 -1.75068421 -1.75068421 -1.75068421
 -1.75068421 -1.75068421 -1.75068421 -1.75068421 -1.75328142 -1.75328142
 -1.75328142 -1.75328142 -1.75738723 -1.75738723 -1.75738723 -1.75738723
 -1.75738723 -1.79142714 -1.79142714 -1.79142714 -1.79142714 -1.79142714
 -1.79142714 -1.79142714 -1.79142714 -1.79142714 -1.79142714 -1.793762
 -1.793762   -1.793762   -1.793762   -1.82013535 -1.82013535 -1.82013535
 -1.82013535 -1.82013535 -1.82013535 -1.8369246  -1.8369246  -1.8369246
 -1.8369246  -1.88343589 -1.88343589 -1.88343589 -1.88343589 -1.88343589
 -1.88343589 -1.88343589 -1.88343589 -1.88343589 -1.88343589 -1.88343589
 -1.88343589 -1.88343589 -1.93942969 -1.93942969 -1.93942969 -1.93942969
 -1.93942969 -1.93942969 -1.93942969 -1.93942969 -1.93942969 -1.93942969
 -1.93942969 -1.93942969 -1.93942969 -1.93942969 -1.93942969 -1.93942969
 -1.93942969 -1.93942969 -1.93942969 -1.93942969 -1.93942969 -1.93942969
 -1.93942969 -1.93942969 -1.93942969 -1.93942969]
[-0.76046015 -0.88311025 -0.94963879 -1.07721848 -1.10422615 -1.19468794
 -1.19468794 -1.19468794 -1.19468794 -1.19468794 -1.19468794 -1.19468794
 -1.21610374 -1.27396276 -1.27396276 -1.3066411  -1.35839502 -1.35839502
 -1.41043609 -1.41043609 -1.41043609 -1.58123338 -1.58123338 -1.58123338
 -1.58123338 -1.58123338 -1.58123338 -1.58123338 -1.58123338 -1.58123338
 -1.58123338 -1.58123338 -1.58123338 -1.58123338 -1.58364894 -1.58364894
 -1.69316398 -1.69316398 -1.69316398 -1.69316398 -1.69316398 -1.69316398
 -1.69316398 -1.69316398 -1.69316398 -1.69316398 -1.70039858 -1.70039858
 -1.70039858 -1.70039858 -1.70039858 -1.70039858 -1.71587726 -1.71587726
 -1.71587726 -1.72889084 -1.76055175 -1.76055175 -1.76055175 -1.76055175
 -1.76055175 -1.79494371 -1.79494371 -1.79494371 -1.79494371 -1.79494371
 -1.79494371 -1.79494371 -1.79494371 -1.79494371 -1.82108291 -1.82108291
 -1.82108291 -1.82108291 -1.82108291 -1.82108291 -1.82108291 -1.82108291
 -1.82108291 -1.82108291 -1.82108291 -1.82108291 -1.82108291 -1.84590461
 -1.84590461 -1.84590461 -1.84590461 -1.84590461 -1.84590461 -1.84590461
 -1.84590461 -1.84590461 -1.84590461 -1.84590461 -1.88335077 -1.88335077
 -1.88335077 -1.88335077 -1.88335077 -1.88335077 -1.88335077 -1.97558116
 -1.97558116 -1.97558116 -1.97558116 -1.97558116 -1.97558116 -1.97558116
 -1.97558116 -1.97558116 -1.97558116 -1.97558116 -1.97558116 -1.97558116
 -1.97558116 -1.97558116 -1.97558116 -1.97558116 -1.97558116 -1.97558116
 -1.97558116 -1.97558116 -1.97558116 -1.97558116 -1.97558116 -1.97558116
 -1.97558116]
[-0.76046167 -1.13343256 -1.13343256 -1.13343256 -1.13343256 -1.23497628
 -1.23497628 -1.23497628 -1.23497628 -1.23497628 -1.24195123 -1.24195123
 -1.24195123 -1.25699109 -1.3036552  -1.50921218 -1.50921218 -1.50921218
 -1.50921218 -1.50921218 -1.50921218 -1.50921218 -1.50921218 -1.50921218
 -1.50921218 -1.50921218 -1.50921218 -1.51482678 -1.51482678 -1.51482678
 -1.52808248 -1.56317067 -1.56317067 -1.56317067 -1.56317067 -1.56317067
 -1.59888841 -1.59888841 -1.63866366 -1.63866366 -1.63866366 -1.63866366
 -1.66448213 -1.70541146 -1.74090277 -1.74090277 -1.74090277 -1.74090277
 -1.74090277 -1.74090277 -1.74090277 -1.74090277 -1.74090277 -1.74090277
 -1.74090277 -1.74090277 -1.74090277 -1.74090277 -1.7935001  -1.7935001
 -1.7935001  -1.7935001  -1.7935001  -1.7935001  -1.81462054 -1.81462054
 -1.81462054 -1.81462054 -1.81462054 -1.81906657 -1.81906657 -1.81906657
 -1.85209057 -1.85209057 -1.85209057 -1.85209057 -1.85209057 -1.85209057
 -1.85209057 -1.85209057 -1.86855131 -1.93033247 -1.93033247 -1.93033247
 -1.93033247 -1.93033247 -1.93033247 -1.93033247 -1.93033247 -1.93033247
 -1.93033247 -1.93033247 -1.93033247 -1.93033247 -1.93033247 -1.93033247
 -1.93033247 -1.93033247 -1.93033247 -1.93033247 -1.93033247 -1.93033247
 -1.93033247 -1.93033247 -1.93033247 -1.93033247 -1.93033247]
[-0.76043885 -0.97787476 -0.97787476 -0.97787476 -1.06594459 -1.06594459
 -1.06594459 -1.08790709 -1.08790709 -1.11919714 -1.243296   -1.243296
 -1.243296   -1.243296   -1.24496893 -1.24496893 -1.30958151 -1.30958151
 -1.30958151 -1.31503902 -1.35499448 -1.35499448 -1.40783815 -1.40783815
 -1.40783815 -1.40783815 -1.40783815 -1.44271421 -1.44271421 -1.44271421
 -1.44271421 -1.44673728 -1.4822675  -1.4822675  -1.4822675  -1.55429487
 -1.55429487 -1.55429487 -1.55429487 -1.58588212 -1.58588212 -1.58588212
 -1.58588212 -1.58588212 -1.58588212 -1.61126645 -1.61126645 -1.61126645
 -1.61126645 -1.62617124 -1.62617124 -1.62617124 -1.62617124 -1.62617124
 -1.62617124 -1.65520441 -1.68488055 -1.7199583  -1.76131138 -1.76131138
 -1.76131138 -1.76131138 -1.84723532 -1.84723532 -1.84723532 -1.84723532
 -1.84723532 -1.84723532 -1.84723532 -1.84723532 -1.85620664 -1.85620664
 -1.85620664 -1.85620664 -1.85620664 -1.85620664 -1.85620664 -1.85620664
 -1.85620664 -1.85620664 -1.85620664 -1.85620664 -1.85620664 -1.85620664
 -1.85620664 -1.85620664 -1.86480639 -1.86480639 -1.86480639 -1.89731064
 -1.89731064 -1.89731064 -1.89731064 -1.89731064 -1.89731064 -1.89731064
 -1.89731064 -1.89731064 -1.89731064 -1.89731064 -1.89731064 -1.89731064
 -1.89731064 -1.89731064 -1.89731064 -1.89731064 -1.98526218 -1.98526218
 -1.98526218 -1.98526218 -1.98526218 -1.98526218 -1.98526218 -1.98526218
 -1.98526218 -1.98526218 -1.98526218 -1.98526218 -1.98526218 -1.98526218
 -1.98526218 -1.98526218 -1.98526218 -1.98526218 -1.98526218 -1.98526218
 -1.98526218 -1.98526218 -1.98526218 -1.98526218 -1.98526218 -1.98526218]
