[-0.21671731 -0.43343462 -0.65015194 -0.86686925 -1.08358656 -1.30030387
 -1.51702119 -1.73373833 -1.9504467  -2.16715506 -2.38385982 -2.60054171
 -2.81190335 -3.02042957 -3.22867817 -3.43573427 -3.64139404 -3.84276716
 -4.04066787 -4.2372262  -4.43365662 -4.6269288  -4.7988879  -4.96279606
 -5.1211349  -5.27347799 -5.41980825 -5.56552976 -5.69192267 -5.80785806
 -5.90908173 -6.00865616 -6.10315109 -6.18129067 -6.24385663 -6.30259984
 -6.35913918 -6.3971504  -6.42852345 -6.44559041]
[-0.21671731 -0.43343462 -0.65015194 -0.86686925 -1.08358656 -1.30030387
 -1.51702119 -1.7337385  -1.95044687 -2.16715161 -2.38383321 -2.60039555
 -2.81657275 -3.03276008 -3.24262846 -3.44841297 -3.64968031 -3.84556574
 -4.0407857  -4.23210948 -4.42290596 -4.6135102  -4.7985317  -4.98338093
 -5.14770221 -5.30179621 -5.45255373 -5.5906054  -5.7142455  -5.83315465
 -5.94066758 -6.04543246 -6.14909189 -6.24359494 -6.32658906 -6.4089207
 -6.48257978 -6.54790655 -6.59052756 -6.62825177]
[-0.21671731 -0.43343462 -0.65015194 -0.86686925 -1.08358656 -1.30030387
 -1.51702119 -1.73372956 -1.95043792 -2.16714267 -2.38370479 -2.60026689
 -2.81666638 -3.0237225  -3.22937957 -3.43085294 -3.62875365 -3.82519114
 -4.02059928 -4.21286788 -4.4019317  -4.58599455 -4.75445775 -4.91811984
 -5.07046399 -5.20334375 -5.33465088 -5.45834191 -5.57092938 -5.68342723
 -5.79505408 -5.89683236 -5.99640678 -6.09090171 -6.1735167  -6.21774442
 -6.24518516]
[-0.21671731 -0.43343462 -0.65015194 -0.86686925 -1.08358656 -1.30030387
 -1.51702119 -1.73373841 -1.95045551 -2.16716387 -2.38372545 -2.60018503
 -2.81604921 -3.03134253 -3.24215289 -3.45283805 -3.66163356 -3.86270628
 -4.05691513 -4.24236651 -4.42419159 -4.59490693 -4.76326491 -4.93111455
 -5.09147002 -5.24467003 -5.39443602 -5.53467504 -5.6743347  -5.79790314
 -5.91230347 -6.02193859 -6.11658832 -6.19047313 -6.26388271 -6.29662936
 -6.32170776]
[-0.21671731 -0.43343462 -0.65015194 -0.86686925 -1.08358656 -1.30030387
 -1.51702119 -1.73373841 -1.95044678 -2.16715153 -2.38383316 -2.60039526
 -2.8168564  -3.03272057 -3.23976838 -3.44542545 -3.64679857 -3.84333245
 -4.03834103 -4.23254671 -4.4250513  -4.61642449 -4.7997145  -4.98109686
 -5.14503467 -5.2976973  -5.43518699 -5.56323188 -5.68997756 -5.81250579
 -5.92872812 -6.02799239 -6.12242489 -6.20421413 -6.27346605 -6.34027544
 -6.39778455 -6.45175484 -6.50257797]
