[   0.          757.89473684 1600.         1010.52631579  252.63157895
  505.26315789    0.          757.89473684 1263.15789474 1600.
 1600.         1263.15789474  926.31578947    0.         1431.57894737
    0.         1094.73684211 1600.         1263.15789474  926.31578947
 1600.            0.        ]
[   0.          757.89473684 1515.78947368 1010.52631579  252.63157895
 1600.         1347.36842105  505.26315789    0.          757.89473684
 1431.57894737 1347.36842105 1010.52631579 1178.94736842 1515.78947368
  757.89473684 1263.15789474 1600.         1600.         1347.36842105
 1010.52631579]
[   0.          757.89473684  252.63157895 1094.73684211    0.
  505.26315789  757.89473684  421.05263158 1178.94736842 1600.
  673.68421053  926.31578947  336.84210526  673.68421053 1178.94736842
 1515.78947368  757.89473684 1263.15789474 1600.          252.63157895]
[   0.          589.47368421  252.63157895  505.26315789 1600.
  168.42105263  757.89473684 1010.52631579 1263.15789474  421.05263158
   84.21052632 1178.94736842 1515.78947368  757.89473684 1263.15789474
 1600.           84.21052632  842.10526316 1600.         1263.15789474
  336.84210526]
[   0.          757.89473684 1600.         1010.52631579  252.63157895
  505.26315789    0.          757.89473684 1263.15789474 1600.
 1431.57894737 1094.73684211 1431.57894737    0.          926.31578947
    0.         1263.15789474 1600.          842.10526316 1600.
 1263.15789474]
