[1.00000000e+15 2.41329418e+00 2.36648195e+00 2.32996810e+00
 2.29818960e+00 2.26929210e+00 2.24248089e+00 2.21735884e+00
 2.19371477e+00 2.17140424e+00 2.15034682e+00 2.13050160e+00
 2.11580384e+00 2.10358347e+00 2.09187625e+00 2.08133438e+00
 2.07204798e+00 2.06553151e+00 2.06109981e+00 2.05757247e+00
 2.05438856e+00 2.05287157e+00 2.05210782e+00 2.05089843e+00]
[1.00000000e+15 2.41329418e+00 2.36648195e+00 2.32996810e+00
 2.29818960e+00 2.26929210e+00 2.24248089e+00 2.21735862e+00
 2.19371458e+00 2.17140406e+00 2.15036756e+00 2.13074527e+00
 2.11224328e+00 2.09519731e+00 2.08303153e+00 2.07306245e+00
 2.06658996e+00 2.06159481e+00 2.05736360e+00 2.05473824e+00
 2.05429092e+00]
[1.00000000e+15 2.41329418e+00 2.36648195e+00 2.32996810e+00
 2.29818960e+00 2.26929210e+00 2.24248089e+00 2.21736355e+00
 2.19371731e+00 2.17140650e+00 2.15036975e+00 2.13062034e+00
 2.11208304e+00 2.10095720e+00 2.09102295e+00 2.08327914e+00
 2.07649268e+00 2.07284412e+00 2.06943184e+00 2.06907597e+00]
[1.00000000e+15 2.41329418e+00 2.36648195e+00 2.32996810e+00
 2.29818960e+00 2.26929210e+00 2.24248089e+00 2.21735889e+00
 2.19370976e+00 2.17140180e+00 2.15034463e+00 2.13049983e+00
 2.11189659e+00 2.09838238e+00 2.08546677e+00 2.08008596e+00
 2.07661562e+00 2.07320029e+00 2.06977799e+00 2.06946446e+00
 2.06935548e+00]
[1.00000000e+15 2.41329418e+00 2.36648195e+00 2.32996810e+00
 2.29818960e+00 2.26929210e+00 2.24248089e+00 2.21735873e+00
 2.19371468e+00 2.17140415e+00 2.15034675e+00 2.13050157e+00
 2.11202036e+00 2.09866844e+00 2.08694424e+00 2.07672230e+00
 2.07014714e+00 2.06560075e+00 2.06168224e+00 2.05886268e+00
 2.05708587e+00 2.05646964e+00 2.05501988e+00]
