[   0.          421.05263158  673.68421053  926.31578947 1347.36842105
  252.63157895 1094.73684211 1600.          505.26315789    0.
  842.10526316 1347.36842105  252.63157895  505.26315789 1094.73684211
 1600.           84.21052632  757.89473684 1263.15789474  505.26315789
 1094.73684211 1600.          842.10526316   84.21052632  589.47368421
 1347.36842105 1094.73684211  336.84210526  842.10526316 1600.
  505.26315789    0.         1010.52631579 1347.36842105  252.63157895
 1515.78947368 1094.73684211  757.89473684  421.05263158    0.        ]
[   0.          252.63157895  589.47368421  842.10526316 1094.73684211
 1600.          421.05263158 1263.15789474  673.68421053  168.42105263
 1094.73684211 1600.          842.10526316    0.          252.63157895
 1347.36842105  505.26315789 1178.94736842 1600.          926.31578947
  673.68421053   84.21052632  336.84210526 1347.36842105 1094.73684211
    0.          589.47368421  842.10526316 1600.         1347.36842105
  252.63157895 1600.          926.31578947    0.          505.26315789
 1178.94736842  757.89473684  252.63157895    0.         1515.78947368
  926.31578947  505.26315789]
[   0.          757.89473684 1178.94736842 1600.          336.84210526
 1010.52631579 1263.15789474  757.89473684  505.26315789   84.21052632
 1600.         1010.52631579  336.84210526 1347.36842105  842.10526316
    0.          589.47368421 1094.73684211 1600.          252.63157895
  926.31578947 1263.15789474    0.          589.47368421 1431.57894737
  926.31578947  336.84210526 1600.         1178.94736842  505.26315789
    0.          926.31578947 1347.36842105  252.63157895    0.
 1600.         1010.52631579  757.89473684  505.26315789]
[   0.          589.47368421 1010.52631579 1515.78947368 1263.15789474
  336.84210526 1600.         1010.52631579    0.          673.68421053
 1431.57894737 1178.94736842  252.63157895    0.          505.26315789
  926.31578947  252.63157895  673.68421053 1094.73684211 1600.
    0.          421.05263158  926.31578947 1263.15789474  673.68421053
   84.21052632 1094.73684211 1600.          842.10526316  252.63157895
 1347.36842105 1094.73684211  505.26315789    0.         1600.
 1263.15789474  673.68421053  252.63157895 1600.         1094.73684211
  842.10526316  421.05263158    0.        ]
[   0.          505.26315789  757.89473684 1010.52631579 1347.36842105
 1600.          252.63157895 1178.94736842  926.31578947    0.
 1431.57894737  589.47368421    0.         1178.94736842 1600.
  926.31578947  336.84210526 1347.36842105  757.89473684    0.
 1094.73684211 1600.          505.26315789  252.63157895  926.31578947
 1263.15789474  673.68421053    0.          421.05263158 1094.73684211
 1600.          842.10526316  168.42105263 1347.36842105  421.05263158
 1600.         1178.94736842  926.31578947  589.47368421   84.21052632]
