[   0.          757.89473684 1347.36842105 1600.          252.63157895
 1094.73684211  757.89473684 1600.            0.         1263.15789474
  168.42105263  421.05263158 1515.78947368    0.         1431.57894737
  926.31578947 1600.            0.         1347.36842105  421.05263158
 1600.          926.31578947   84.21052632]
[   0.          505.26315789  926.31578947 1600.         1263.15789474
  252.63157895 1600.            0.         1263.15789474  421.05263158
 1600.            0.         1347.36842105  421.05263158  589.47368421
 1600.            0.         1431.57894737    0.         1094.73684211
 1515.78947368  673.68421053  252.63157895]
[ 168.42105263 1010.52631579 1515.78947368    0.         1178.94736842
  589.47368421 1600.            0.          842.10526316 1263.15789474
    0.         1600.            0.         1263.15789474  505.26315789
 1600.            0.         1263.15789474    0.         1600.
  673.68421053  252.63157895]
[   0.          757.89473684 1600.          421.05263158 1431.57894737
  168.42105263 1600.          842.10526316    0.         1178.94736842
  336.84210526 1515.78947368    0.          842.10526316 1515.78947368
   84.21052632 1600.          421.05263158  926.31578947  168.42105263
 1600.         1178.94736842  421.05263158    0.        ]
[   0.          757.89473684 1347.36842105 1600.         1010.52631579
    0.         1515.78947368  336.84210526 1263.15789474    0.
 1600.          673.68421053 1600.           84.21052632   84.21052632
  757.89473684 1600.          336.84210526 1263.15789474    0.
 1600.          842.10526316  336.84210526]
