[-0.10874444 -0.25429862 -0.41188298 -0.58083005 -0.76047232 -0.95014231
 -1.14917253 -1.35686867 -1.57259005 -1.79566919 -2.02542788 -2.26116663
 -2.50225989 -2.7200147  -2.9409135  -3.1481162  -3.35363177 -3.55901641
 -3.76185543 -3.96013017 -4.14307662 -4.32554123 -4.48009531 -4.57276441
 -4.65189903 -4.71960137 -4.78668919 -4.84869626]
[-0.10874444 -0.25429862 -0.41188298 -0.58083005 -0.76047232 -0.95014231
 -1.14917253 -1.3568949  -1.5726333  -1.79571244 -2.02548186 -2.26037341
 -2.49983481 -2.72788173 -2.95303351 -3.1772852  -3.40000597 -3.62352298
 -3.83736308 -4.04366024 -4.24730891 -4.4105239  -4.54072276 -4.6436466
 -4.71069566 -4.76936469 -4.81821867 -4.85542121 -4.89082577 -4.8950219 ]
[-0.10874444 -0.25429862 -0.41188298 -0.58083005 -0.76047232 -0.95014231
 -1.14917253 -1.35689519 -1.57263182 -1.79571096 -2.02542693 -2.26029049
 -2.49975486 -2.74390474 -2.96905652 -3.18843602 -3.39742285 -3.60565488
 -3.80973148 -4.00473692 -4.16479661 -4.30245482 -4.43282446 -4.53749393
 -4.63182729 -4.72130254 -4.78015692 -4.83630994 -4.88591079 -4.93321997
 -4.98044701]
[-0.10874444 -0.25429862 -0.41188298 -0.58083005 -0.76047232 -0.95014231
 -1.14917253 -1.35689519 -1.57261657 -1.79569572 -2.02537306 -2.26068455
 -2.50011708 -2.74344852 -2.9686003  -3.19285199 -3.40876291 -3.62096986
 -3.82380888 -4.01950105 -4.20119752 -4.37241969 -4.50929655 -4.59496193
 -4.68024873 -4.75689986 -4.82399085 -4.88832481 -4.89557053]
[-0.10874444 -0.25429862 -0.41188298 -0.58083005 -0.76047232 -0.95014231
 -1.14917253 -1.35686867 -1.57259005 -1.79561496 -2.02479197 -2.25968589
 -2.49993273 -2.71681128 -2.92124499 -3.12188761 -3.32486921 -3.52635787
 -3.70198965 -3.87364    -4.03701547 -4.19297841 -4.34540661 -4.48051125
 -4.57068504 -4.65626209 -4.72335225 -4.76051431 -4.77811685 -4.78534016]
