[   0.          757.89473684 1515.78947368 1010.52631579  252.63157895
  505.26315789    0.          757.89473684 1263.15789474 1178.94736842
    0.          842.10526316 1600.          336.84210526 1094.73684211
  757.89473684    0.         1347.36842105  842.10526316 1600.
 1094.73684211    0.         1431.57894737   84.21052632  842.10526316
 1600.         1263.15789474  336.84210526]
[   0.          757.89473684 1515.78947368 1010.52631579  252.63157895
 1347.36842105  505.26315789    0.          757.89473684 1600.
 1263.15789474  926.31578947    0.         1600.          336.84210526
 1431.57894737  926.31578947    0.          589.47368421 1263.15789474
 1600.            0.          589.47368421 1010.52631579 1263.15789474
  252.63157895  842.10526316 1600.         1347.36842105 1094.73684211]
[   0.          757.89473684 1263.15789474 1515.78947368  252.63157895
 1600.         1347.36842105    0.          252.63157895  505.26315789
  757.89473684 1347.36842105  421.05263158   84.21052632 1515.78947368
  421.05263158   84.21052632  673.68421053 1431.57894737 1010.52631579
 1600.         1263.15789474  421.05263158    0.         1600.
 1347.36842105 1094.73684211  842.10526316  589.47368421  336.84210526
    0.        ]
[   0.          757.89473684 1515.78947368 1010.52631579  252.63157895
 1600.         1263.15789474  505.26315789    0.          757.89473684
 1094.73684211    0.         1347.36842105 1600.          842.10526316
 1347.36842105    0.          252.63157895  589.47368421 1600.
  336.84210526  757.89473684 1515.78947368 1178.94736842  926.31578947
 1600.         1347.36842105  505.26315789   84.21052632]
[   0.          757.89473684 1515.78947368 1010.52631579  252.63157895
 1347.36842105  505.26315789    0.          757.89473684 1600.
 1263.15789474  926.31578947    0.          336.84210526 1010.52631579
 1600.            0.          926.31578947  589.47368421 1431.57894737
   84.21052632 1010.52631579 1600.         1263.15789474  673.68421053
  336.84210526 1431.57894737 1094.73684211  842.10526316    0.        ]
