[   0.          505.26315789  757.89473684 1263.15789474 1515.78947368
 1010.52631579  252.63157895  505.26315789    0.          252.63157895
  757.89473684 1010.52631579 1263.15789474 1600.         1431.57894737
 1010.52631579  757.89473684  421.05263158    0.         1600.
 1263.15789474  589.47368421  336.84210526  926.31578947    0.
 1431.57894737  842.10526316  336.84210526    0.          589.47368421
 1094.73684211  168.42105263  757.89473684 1600.         1263.15789474
  336.84210526  926.31578947 1600.          589.47368421    0.        ]
[   0.          505.26315789  757.89473684 1431.57894737 1178.94736842
  252.63157895 1600.         1347.36842105  589.47368421    0.
  252.63157895 1010.52631579  757.89473684 1600.         1263.15789474
  421.05263158  168.42105263  926.31578947  589.47368421    0.
 1347.36842105  842.10526316  168.42105263  421.05263158 1178.94736842
 1515.78947368    0.          252.63157895  589.47368421  757.89473684
 1010.52631579 1263.15789474 1600.          252.63157895    0.
 1600.         1347.36842105 1010.52631579  673.68421053  421.05263158]
[   0.          505.26315789  757.89473684 1515.78947368 1010.52631579
  252.63157895 1347.36842105 1600.          505.26315789    0.
  252.63157895  757.89473684 1431.57894737 1094.73684211  421.05263158
    0.         1010.52631579 1263.15789474 1600.          673.68421053
  336.84210526 1431.57894737 1010.52631579    0.          589.47368421
 1600.         1263.15789474  421.05263158  926.31578947   84.21052632
 1347.36842105  842.10526316  336.84210526    0.         1178.94736842
 1515.78947368  673.68421053]
[   0.          505.26315789  757.89473684 1263.15789474  252.63157895
 1094.73684211 1515.78947368    0.          505.26315789  926.31578947
 1600.         1263.15789474  252.63157895  757.89473684   84.21052632
  336.84210526  926.31578947 1431.57894737 1178.94736842  589.47368421
 1600.          168.42105263  757.89473684 1010.52631579 1263.15789474
  421.05263158   84.21052632  336.84210526 1178.94736842 1515.78947368
  757.89473684 1600.         1347.36842105  926.31578947  589.47368421
  336.84210526   84.21052632]
[   0.          421.05263158  926.31578947 1178.94736842  673.68421053
 1515.78947368 1178.94736842  168.42105263  421.05263158  673.68421053
  926.31578947    0.         1263.15789474 1600.          168.42105263
  505.26315789  842.10526316 1094.73684211 1431.57894737    0.
 1600.         1263.15789474  505.26315789  252.63157895  926.31578947
   84.21052632 1347.36842105  336.84210526    0.          589.47368421
  842.10526316 1178.94736842 1515.78947368 1600.         1347.36842105
  926.31578947  589.47368421  252.63157895    0.        ]
