[-0.10874444 -0.25338058 -0.40521734 -0.56334302 -0.72489816 -0.88135965
 -1.04013603 -1.20150968 -1.35889274 -1.49867257 -1.64098782 -1.77642516
 -1.90826019 -2.0416647  -2.15031557 -2.2527389  -2.34489812 -2.42912799
 -2.50080619 -2.56394072 -2.60710922 -2.61490352 -2.61889086 -2.62545855
 -2.63468315]
[-0.10874444 -0.25321934 -0.40211298 -0.56005919 -0.71998059 -0.8791394
 -1.03813708 -1.19362747 -1.34122188 -1.48997245 -1.63897226 -1.77198441
 -1.90430209 -2.03111129 -2.14897795 -2.2612469  -2.36381059 -2.4522824
 -2.52111003 -2.57363401 -2.60846258 -2.62617486 -2.6388901 ]
[-0.10874444 -0.25166574 -0.4038627  -0.56143817 -0.71761831 -0.87746995
 -1.04064987 -1.20030286 -1.35088488 -1.50583686 -1.65129515 -1.78375737
 -1.91400896 -2.04547919 -2.15713523 -2.26298949 -2.36930474 -2.46063571
 -2.5365603  -2.59807085 -2.63815158 -2.65078345]
[-0.10874444 -0.25266881 -0.4042226  -0.56250473 -0.72257852 -0.88250993
 -1.04665734 -1.20213189 -1.36166287 -1.51295947 -1.66421649 -1.81456348
 -1.94671206 -2.07027499 -2.17744372 -2.27756593 -2.36107751 -2.43013569
 -2.49217605 -2.54660058 -2.58897784 -2.62826596 -2.64677342 -2.64886855
 -2.65216499 -2.65407276]
[-0.10874444 -0.25287917 -0.40659218 -0.56274891 -0.72344294 -0.88689866
 -1.05287844 -1.20763813 -1.36063762 -1.51048696 -1.65725034 -1.80168398
 -1.93948688 -2.06736632 -2.19333313 -2.29765208 -2.3845995  -2.46660197
 -2.53705554 -2.59863969 -2.63392411 -2.65790181 -2.67762855]
