[   0.          842.10526316 1600.         1178.94736842    0.
 1600.            0.         1600.            0.         1600.
 1010.52631579    0.         1600.          168.42105263]
[   0.          757.89473684 1515.78947368    0.         1600.
 1600.            0.         1600.          336.84210526    0.
 1600.          842.10526316 1431.57894737  252.63157895]
[ 168.42105263 1431.57894737 1600.          505.26315789 1600.
    0.         1600.          336.84210526  589.47368421 1600.
 1178.94736842    0.        ]
[   0.         1600.          589.47368421 1094.73684211    0.
 1515.78947368   84.21052632 1600.          757.89473684  336.84210526
 1515.78947368    0.         1600.        ]
[   0.          842.10526316 1600.           84.21052632 1010.52631579
  252.63157895 1515.78947368 1515.78947368    0.         1010.52631579
    0.         1600.          505.26315789]
