[1.00000000e+15 2.41602815e+00 2.37339040e+00 2.34579108e+00
 2.32388401e+00 2.30515220e+00 2.29145625e+00 2.28152884e+00
 2.27642917e+00 2.27257912e+00 2.26982995e+00 2.26767679e+00
 2.26596149e+00 2.26483858e+00 2.26130500e+00 2.26080188e+00]
[1.00000000e+15 2.41469847e+00 2.37543635e+00 2.34549569e+00
 2.33047467e+00 2.31477102e+00 2.29821796e+00 2.28623614e+00
 2.27866900e+00 2.27231141e+00 2.27087040e+00 2.26947054e+00
 2.26686689e+00 2.26601269e+00]
[1.00000000e+15 2.41492712e+00 2.37729209e+00 2.34890110e+00
 2.33308189e+00 2.31797240e+00 2.30333138e+00 2.29486579e+00
 2.28756679e+00 2.28154856e+00 2.27660545e+00 2.27471187e+00
 2.27311473e+00 2.27190996e+00]
[1.00000000e+15 2.41540476e+00 2.37804530e+00 2.34809877e+00
 2.32877927e+00 2.31162284e+00 2.29688775e+00 2.29071346e+00
 2.28305772e+00 2.27674633e+00 2.27319120e+00 2.26969440e+00
 2.26773506e+00]
[1.00000000e+15 2.41587425e+00 2.37394368e+00 2.34808178e+00
 2.32506285e+00 2.30527640e+00 2.29504538e+00 2.28560728e+00
 2.28142731e+00 2.27731327e+00 2.27329330e+00 2.27077767e+00
 2.27073970e+00]
