[-0.21671731 -0.43262377 -0.64725155 -0.86090591 -1.06964086 -1.27550155
 -1.48031353 -1.6798357  -1.87624429 -2.06951518 -2.26090971 -2.44933923
 -2.62672401 -2.80240798 -2.97536063 -3.14244995 -3.3051895  -3.46367473
 -3.6173141  -3.768527   -3.91220048 -4.04602597 -4.17912968 -4.30669377
 -4.42627877 -4.54364177 -4.65495279 -4.75940619 -4.85965255 -4.95725886
 -5.04963376 -5.13919709 -5.22008437 -5.2970801  -5.36769112 -5.43197432
 -5.49143744 -5.54641759 -5.59374976 -5.63250267]
[-0.21671731 -0.43309628 -0.64685562 -0.85853207 -1.06778722 -1.27511713
 -1.47922452 -1.67705439 -1.87359152 -2.06424637 -2.25346052 -2.44013797
 -2.62063236 -2.79743933 -2.97282903 -3.14294668 -3.30619334 -3.46485889
 -3.62114534 -3.76832141 -3.913415   -4.05075986 -4.18310744 -4.31292067
 -4.4358354  -4.55416153 -4.66582163 -4.7743548  -4.87708319 -4.97814475
 -5.07354447 -5.15904966 -5.24024953 -5.31666173 -5.38777127 -5.4564247
 -5.52151346 -5.58153614 -5.631075   -5.6784742  -5.70558331 -5.73039383]
[-0.21671731 -0.4326289  -0.64762563 -0.86017149 -1.07157107 -1.27918124
 -1.48385337 -1.68215417 -1.87689762 -2.067743   -2.25373871 -2.43767828
 -2.6176875  -2.79598623 -2.97052116 -3.14126625 -3.3082414  -3.46336259
 -3.61369774 -3.76237874 -3.90821086 -4.0485835  -4.18097582 -4.30889734
 -4.43229627 -4.55238511 -4.66524675 -4.77135438 -4.87296184 -4.96915582
 -5.05592875 -5.13706752 -5.21558309 -5.28972487 -5.35501267 -5.41825669
 -5.47209286 -5.51935329 -5.55946448]
[-0.21671731 -0.43282766 -0.64766369 -0.85979589 -1.06981712 -1.27851291
 -1.4842672  -1.68488719 -1.88260617 -2.07371051 -2.26246592 -2.44808041
 -2.63145869 -2.81169642 -2.98632392 -3.15604243 -3.32290136 -3.4881564
 -3.64308027 -3.79274328 -3.93572788 -4.07568317 -4.21081449 -4.34073341
 -4.46426907 -4.58351087 -4.69681349 -4.80507918 -4.91051808 -5.01126334
 -5.10697835 -5.19710716 -5.278128   -5.35483602 -5.42932162 -5.49657688
 -5.56087202 -5.62381759 -5.67416355 -5.71919659 -5.75995716 -5.79611714
 -5.82192391]
[-0.21671731 -0.43293365 -0.64807326 -0.85971229 -1.06969492 -1.27886922
 -1.48269647 -1.68348556 -1.88098884 -2.07228616 -2.26076317 -2.44667468
 -2.62894413 -2.80738223 -2.97927452 -3.14795218 -3.31427303 -3.47759223
 -3.63158467 -3.78340895 -3.92999574 -4.07159602 -4.21049544 -4.3340941
 -4.45608767 -4.57600462 -4.68953923 -4.79704373 -4.90111899 -5.00050488
 -5.09613044 -5.18406965 -5.26795912 -5.34816292 -5.42192725 -5.4864441
 -5.54451543 -5.59236438 -5.63924467 -5.67237823]
