[533.33333333 177.77777778 711.11111111  88.88888889 711.11111111
 266.66666667 800.         533.33333333]
[  0.         355.55555556 533.33333333 177.77777778  88.88888889
 444.44444444 800.        ]
[  0.         444.44444444 711.11111111 355.55555556   0.
 800.         266.66666667 800.         533.33333333   0.        ]
[  0.         355.55555556 711.11111111  88.88888889 711.11111111
 266.66666667 800.         533.33333333]
[  0.         533.33333333 266.66666667 533.33333333  88.88888889
 355.55555556 711.11111111]
