[  0.         800.         444.44444444 177.77777778 622.22222222
  88.88888889 444.44444444 800.         800.         533.33333333
 177.77777778]
[177.77777778 800.         444.44444444  88.88888889 800.
 355.55555556   0.         800.         533.33333333 266.66666667]
[  0.         444.44444444 711.11111111 266.66666667 533.33333333
 266.66666667   0.         800.         444.44444444  88.88888889
 622.22222222]
[  0.         266.66666667 533.33333333 800.           0.
   0.         355.55555556 711.11111111 800.         533.33333333
  88.88888889]
[  0.         800.         355.55555556   0.         800.
 355.55555556   0.         711.11111111 444.44444444 177.77777778]
