[  0.          88.88888889 177.77777778 355.55555556 533.33333333
 622.22222222 800.         800.        ]
[  0.           0.         266.66666667 266.66666667 711.11111111
 711.11111111 711.11111111]
[  0.           0.         177.77777778 266.66666667 355.55555556
 444.44444444 533.33333333 800.         800.         800.        ]
[177.77777778 177.77777778 177.77777778 444.44444444 533.33333333
 622.22222222 800.         800.        ]
[  0.          88.88888889  88.88888889 444.44444444 533.33333333
 711.11111111 711.11111111]
