[  0.           0.          88.88888889 177.77777778 266.66666667
 444.44444444 533.33333333 533.33333333 800.         800.
 800.        ]
[  0.          88.88888889 177.77777778 266.66666667 444.44444444
 533.33333333 622.22222222 800.         800.         800.        ]
[  0.           0.          88.88888889 177.77777778 355.55555556
 444.44444444 444.44444444 622.22222222 622.22222222 711.11111111
 800.        ]
[  0.           0.          88.88888889 177.77777778 266.66666667
 533.33333333 533.33333333 533.33333333 800.         800.
 800.        ]
[  0.          88.88888889 177.77777778 266.66666667 355.55555556
 533.33333333 622.22222222 711.11111111 800.         800.        ]
