[1.00000000e+15 2.41329418e+00 2.36648195e+00 2.32996810e+00
 2.29847312e+00 2.26999512e+00 2.24376203e+00 2.23840288e+00]
[1.00000000e+15 2.41329418e+00 2.36648195e+00 2.32996810e+00
 2.29820673e+00 2.26944970e+00 2.24286216e+00]
[1.00000000e+15 2.41329418e+00 2.36648195e+00 2.32996810e+00
 2.29819102e+00 2.26930053e+00 2.24295442e+00 2.23440619e+00
 2.22398029e+00 2.21592805e+00]
[1.00000000e+15 2.41329418e+00 2.36648195e+00 2.32996810e+00
 2.29820673e+00 2.26978234e+00 2.24358170e+00 2.24163787e+00]
[1.00000000e+15 2.41329418e+00 2.36648195e+00 2.32996810e+00
 2.29854559e+00 2.27005234e+00 2.24356988e+00]
