[-0.10874444 -0.25429862 -0.41188298 -0.58083005 -0.76047232 -0.94963884
 -1.1391184  -1.33131741 -1.48533812 -1.57802625 -1.59077229]
[-0.10874444 -0.25429862 -0.41188298 -0.58083005 -0.76046102 -0.94931281
 -1.14739839 -1.32994881 -1.45370567 -1.49333686]
[-0.10874444 -0.25429862 -0.41188298 -0.58083005 -0.76045825 -0.94906921
 -1.1079093  -1.23017701 -1.36045445 -1.42468456 -1.44270107]
[-0.10874444 -0.25429862 -0.41188298 -0.58083005 -0.76047232 -0.95011807
 -1.14774251 -1.34227838 -1.54264284 -1.71179827 -1.8759113 ]
[-0.10874444 -0.25429862 -0.41188298 -0.58083005 -0.75997045 -0.94883259
 -1.13563694 -1.25604366 -1.3391337  -1.40324192]
