[-0.21671731 -0.43343462 -0.65015194 -0.86686925 -1.0835859  -1.30029944
 -1.51670132 -1.72500242 -1.92628623 -2.1275699  -2.28207063 -2.38495685]
[-0.21671731 -0.43343462 -0.65015194 -0.86686925 -1.08358656 -1.30003086
 -1.5162847  -1.730682   -1.91238191 -2.07534591 -2.22394959]
[-0.21671731 -0.43343462 -0.65015194 -0.86686925 -1.08358279 -1.30002737
 -1.5164298  -1.72475627 -1.9108098  -2.06636885]
[-0.21671731 -0.43343462 -0.65015194 -0.86686925 -1.08358251 -1.30013224
 -1.51657678 -1.71597057 -1.91472751 -2.09373664 -2.15807964]
[-0.21671731 -0.43343462 -0.65015194 -0.86686925 -1.08358197 -1.30029122
 -1.51699409 -1.72492447 -1.92195999 -2.0923925  -2.19917171]
