[  0.         622.22222222 266.66666667 800.         533.33333333
 177.77777778 800.         444.44444444  88.88888889 800.
 533.33333333 266.66666667]
[  0.         355.55555556 711.11111111 177.77777778 444.44444444
   0.         711.11111111 266.66666667 800.         533.33333333
  88.88888889]
[177.77777778 800.         444.44444444  88.88888889 800.
 355.55555556   0.         800.         533.33333333 266.66666667]
[  0.         622.22222222 266.66666667   0.         444.44444444
 800.         177.77777778 533.33333333   0.         800.
 355.55555556]
[  0.         355.55555556 711.11111111 533.33333333  88.88888889
 711.11111111 355.55555556   0.         800.         444.44444444
   0.        ]
