array([-3.85780758e-04, -2.94463205e-02, -4.15561617e-02, -6.76153999e-02,
       -7.50838178e-02, -7.51298324e-02, -7.73444626e-02, -8.11590769e-02,
       -8.45127815e-02, -1.01838808e-01, -1.04472966e-01, -1.09154513e-01,
       -1.33057180e-01, -1.36379655e-01, -1.57249326e-01, -2.11373871e-01,
       -2.28643566e-01, -2.32808157e-01, -2.36828393e-01, -2.52805167e-01,
       -2.59194516e-01, -2.68988613e-01, -2.71451594e-01, -3.13942376e-01,
       -3.34663236e-01, -3.35158283e-01, -3.36581660e-01, -3.38752356e-01,
       -3.39470931e-01, -3.54085459e-01, -3.62765121e-01, -3.67405310e-01,
       -3.68875638e-01, -3.87832528e-01, -3.91538079e-01, -4.53135582e-01,
       -5.19166406e-01, -5.91192925e-01, -5.98203917e-01, -6.22212932e-01,
       -6.23725186e-01, -6.29300084e-01, -6.35772607e-01, -6.45291390e-01,
       -6.47271616e-01, -6.51394035e-01, -6.73169431e-01, -6.83417740e-01,
       -7.02774524e-01, -7.06537815e-01, -7.12812619e-01, -7.14138702e-01,
       -7.15188615e-01, -7.15544970e-01, -7.18382748e-01, -7.21628984e-01,
       -7.23110274e-01, -7.37140451e-01, -7.38005525e-01, -7.38665249e-01,
       -7.51577259e-01, -7.51737022e-01, -7.51774302e-01, -7.52005856e-01])
array([-3.85780758e-04, -2.42384554e-02, -2.61582145e-02, -2.84336027e-02,
       -3.89536192e-02, -3.89817311e-02, -4.50803222e-02, -5.21686601e-02,
       -5.24849521e-02, -8.23659103e-02, -9.45043150e-02, -9.61592631e-02,
       -9.83053464e-02, -1.10505671e-01, -1.13305039e-01, -1.43818410e-01,
       -1.95107310e-01, -1.98567569e-01, -2.04977928e-01, -2.32042173e-01,
       -2.33556088e-01, -2.43920524e-01, -2.50001500e-01, -3.15576170e-01,
       -3.31897958e-01, -3.59042614e-01, -3.59617559e-01, -3.65163232e-01,
       -3.75520193e-01, -3.80620458e-01, -3.94998568e-01, -4.19656378e-01,
       -4.22498717e-01, -4.22957182e-01, -4.23341863e-01, -5.01819479e-01,
       -5.46615939e-01, -5.89188259e-01, -6.26711859e-01, -6.82290168e-01,
       -6.90907944e-01, -6.92063993e-01, -7.07676612e-01, -7.16476675e-01,
       -7.21946795e-01, -7.26502651e-01, -7.28945905e-01, -7.29804264e-01,
       -7.31222360e-01, -7.33759037e-01, -7.53297340e-01, -7.55126763e-01,
       -7.55312845e-01, -7.56437176e-01, -7.70650001e-01, -7.72720206e-01,
       -7.73439636e-01, -7.73837587e-01])
array([-3.85780758e-04, -3.13835821e-02, -3.22582666e-02, -3.61909560e-02,
       -3.84400042e-02, -4.59838227e-02, -8.40735459e-02, -8.58957770e-02,
       -8.61024155e-02, -9.46142445e-02, -1.04156941e-01, -1.42192016e-01,
       -1.70562640e-01, -1.70720589e-01, -1.84870993e-01, -1.95901772e-01,
       -2.10937278e-01, -2.30425165e-01, -2.36570757e-01, -2.58312864e-01,
       -2.63367066e-01, -2.73152629e-01, -3.00086585e-01, -3.60621840e-01,
       -3.68972060e-01, -3.71705695e-01, -3.73638383e-01, -3.74527341e-01,
       -3.81409123e-01, -3.85010309e-01, -3.90134174e-01, -4.05459778e-01,
       -4.09769908e-01, -4.73798922e-01, -5.25608969e-01, -5.42857434e-01,
       -5.71330761e-01, -5.95030517e-01, -6.04894390e-01, -6.28413407e-01,
       -6.38495784e-01, -6.45989587e-01, -6.77613914e-01, -6.90874341e-01,
       -6.94103712e-01, -6.95774570e-01, -7.01278026e-01, -7.03719515e-01,
       -7.09853979e-01, -7.14261518e-01, -7.23740224e-01, -7.24500830e-01,
       -7.26119025e-01, -7.28446890e-01, -7.29026579e-01, -7.31879742e-01,
       -7.32416653e-01, -7.45304644e-01, -7.45580885e-01, -7.46179443e-01,
       -7.57420604e-01, -7.61181377e-01, -7.65781960e-01, -7.69173193e-01,
       -7.69186832e-01, -7.69991951e-01, -7.71455666e-01, -7.77844549e-01,
       -7.80163336e-01, -7.80582243e-01, -7.80859938e-01, -7.81403953e-01])
array([-3.85780758e-04, -3.65011336e-02, -3.68384071e-02, -3.89459508e-02,
       -4.82153959e-02, -5.04291809e-02, -8.41449895e-02, -1.02797235e-01,
       -1.03865549e-01, -1.12226434e-01, -1.23358132e-01, -1.29686244e-01,
       -1.34876168e-01, -1.35579896e-01, -1.36717142e-01, -1.48640067e-01,
       -1.50541621e-01, -1.62025842e-01, -1.84045719e-01, -1.86872256e-01,
       -2.04602510e-01, -2.32126792e-01, -2.33259783e-01, -2.88824939e-01,
       -2.89152944e-01, -3.06830344e-01, -3.21334800e-01, -3.21404863e-01,
       -3.27161493e-01, -3.34452969e-01, -3.48702050e-01, -3.63625556e-01,
       -3.77128125e-01, -3.79252738e-01, -3.80493169e-01, -4.59272682e-01,
       -4.66954809e-01, -5.26405528e-01, -5.48708106e-01, -5.73811666e-01,
       -6.32578683e-01, -6.71039626e-01, -6.89057076e-01, -6.92038157e-01,
       -7.16447114e-01, -7.30613900e-01, -7.43019657e-01, -7.44214353e-01,
       -7.44700361e-01, -7.66570353e-01, -7.70244488e-01, -7.71655742e-01,
       -7.73053455e-01, -7.80226155e-01, -7.80378210e-01, -7.82079283e-01,
       -7.82289287e-01, -7.82673802e-01, -7.84379270e-01, -7.85135437e-01,
       -7.88820945e-01, -7.90636888e-01, -7.90808378e-01, -7.91819233e-01,
       -7.92786104e-01, -7.94530859e-01, -7.94617057e-01, -7.94640234e-01])
array([-3.85780758e-04, -3.31753626e-02, -3.76845420e-02, -3.88953382e-02,
       -4.95545908e-02, -5.53652417e-02, -5.97231849e-02, -6.84873760e-02,
       -9.36930721e-02, -9.42877121e-02, -9.44057736e-02, -1.10743329e-01,
       -1.11449675e-01, -1.29542441e-01, -1.32514853e-01, -1.52762176e-01,
       -2.04130509e-01, -2.25608497e-01, -2.26807105e-01, -2.41380757e-01,
       -2.43973680e-01, -2.69553954e-01, -2.76663677e-01, -3.34022330e-01,
       -3.61014795e-01, -3.87711327e-01, -3.97631377e-01, -4.03830040e-01,
       -4.17637763e-01, -4.18750394e-01, -4.23374849e-01, -4.23417543e-01,
       -4.73477372e-01, -5.42599889e-01, -5.95275012e-01, -6.49348515e-01,
       -6.84051783e-01, -6.88247674e-01, -7.03217383e-01, -7.04053971e-01,
       -7.23206343e-01, -7.24374578e-01, -7.26846979e-01, -7.32233345e-01,
       -7.37183164e-01, -7.38213560e-01, -7.39676598e-01, -7.40715496e-01,
       -7.40805751e-01, -7.41241619e-01, -7.43573427e-01, -7.58178928e-01,
       -7.58246565e-01])
array([-3.85780758e-04, -3.66665008e-02, -3.71414942e-02, -3.97285628e-02,
       -4.93630825e-02, -5.18417971e-02, -8.67771294e-02, -1.05770111e-01,
       -1.06155125e-01, -1.13139014e-01, -1.25709870e-01, -1.41978210e-01,
       -1.46174730e-01, -1.54665817e-01, -1.57499384e-01, -1.88797315e-01,
       -1.90675810e-01, -2.13378286e-01, -2.42465870e-01, -2.44819761e-01,
       -2.60033108e-01, -2.64638333e-01, -2.86214919e-01, -3.03631317e-01,
       -3.52708300e-01, -3.76390084e-01, -4.12137432e-01, -4.22653430e-01,
       -4.25477981e-01, -4.25825053e-01, -4.29045320e-01, -4.31890004e-01,
       -4.35692728e-01, -4.39577312e-01, -4.77437574e-01, -5.26695161e-01,
       -5.35278994e-01, -5.56372299e-01, -5.87405980e-01, -5.91458475e-01,
       -5.96554688e-01, -5.98437384e-01, -6.00294217e-01, -6.00898995e-01,
       -6.01338921e-01, -6.19012701e-01, -6.31457419e-01, -6.31716312e-01,
       -6.50776090e-01, -6.51218562e-01, -6.72536112e-01, -6.74917645e-01,
       -6.77214797e-01, -6.82490187e-01, -6.83433656e-01, -6.93466211e-01,
       -6.93766838e-01, -6.95181062e-01, -6.97975037e-01, -6.98604247e-01,
       -6.98830637e-01, -6.99046245e-01, -6.99355993e-01, -6.99605279e-01])
array([-3.85780758e-04, -3.65011336e-02, -3.68384071e-02, -3.89459508e-02,
       -4.82153959e-02, -5.04291809e-02, -8.41449895e-02, -1.02797235e-01,
       -1.03865549e-01, -1.12226434e-01, -1.23358132e-01, -1.29686244e-01,
       -1.34876168e-01, -1.35579896e-01, -1.36717142e-01, -1.48640067e-01,
       -1.50541621e-01, -1.62025842e-01, -1.84045719e-01, -1.86872256e-01,
       -2.04602510e-01, -2.32126792e-01, -2.33259783e-01, -2.88824939e-01,
       -2.89152944e-01, -3.06830344e-01, -3.18651072e-01, -3.35120662e-01,
       -3.41425924e-01, -3.43274095e-01, -3.68707424e-01, -3.71965987e-01,
       -3.85068503e-01, -3.86632319e-01, -3.86820224e-01, -4.02908524e-01,
       -4.74290155e-01, -4.83513592e-01, -5.06235020e-01, -5.42373679e-01,
       -5.83493850e-01, -6.00413294e-01, -6.21426950e-01, -6.27712976e-01,
       -6.36670730e-01, -6.37688254e-01, -6.66656771e-01, -6.74447187e-01,
       -6.83921687e-01, -6.84575390e-01, -6.92159074e-01, -6.95101278e-01,
       -6.98634078e-01, -7.05815777e-01, -7.06333381e-01, -7.07185073e-01,
       -7.10044454e-01, -7.11355849e-01, -7.12500756e-01, -7.19992830e-01,
       -7.33373486e-01, -7.33817148e-01, -7.36245958e-01, -7.37919338e-01,
       -7.38715657e-01, -7.43894151e-01, -7.44721736e-01, -7.44986131e-01,
       -7.48182984e-01, -7.50589537e-01, -7.52394148e-01, -7.53200164e-01,
       -7.55556388e-01, -7.61515521e-01, -7.61549746e-01, -7.65719836e-01,
       -7.66204937e-01, -7.69313921e-01])
array([-3.85780758e-04, -3.34560468e-02, -3.76263655e-02, -4.50570517e-02,
       -4.62511597e-02, -5.42714957e-02, -8.13159607e-02, -9.73142504e-02,
       -9.81269687e-02, -1.05333497e-01, -1.39219260e-01, -1.39398726e-01,
       -1.58032399e-01, -2.04476228e-01, -2.05547557e-01, -2.26199364e-01,
       -2.30503554e-01, -2.47038237e-01, -2.59097346e-01, -2.64359784e-01,
       -3.21408534e-01, -3.22832134e-01, -3.25635222e-01, -3.27910400e-01,
       -3.28941661e-01, -3.39417735e-01, -3.41753676e-01, -3.45692230e-01,
       -3.63763907e-01, -3.66264573e-01, -3.71026023e-01, -3.82554301e-01,
       -3.92089446e-01, -3.94641967e-01, -3.97746036e-01, -4.03668453e-01,
       -4.53114387e-01, -4.54449457e-01, -4.81946904e-01, -5.39609281e-01,
       -5.46654066e-01, -5.90657408e-01, -6.07046795e-01, -6.23795859e-01,
       -6.27214100e-01, -6.35868153e-01, -6.38483755e-01, -6.50081045e-01,
       -6.52860766e-01, -6.55598250e-01, -6.60923978e-01, -6.70474188e-01,
       -6.75981322e-01, -6.76197416e-01, -6.76543684e-01, -6.86134152e-01,
       -6.88255709e-01, -6.95869854e-01, -6.96658610e-01, -6.96669929e-01,
       -6.97204492e-01, -7.06446179e-01, -7.08570075e-01, -7.13773964e-01,
       -7.18540608e-01, -7.18801216e-01, -7.20056912e-01, -7.21012369e-01,
       -7.21639198e-01, -7.25991484e-01, -7.28136758e-01, -7.35583000e-01,
       -7.36245448e-01, -7.36745272e-01, -7.36989621e-01, -7.40306973e-01,
       -7.41001182e-01, -7.41370133e-01, -7.42185790e-01, -7.42591165e-01])
