array([   0.        , 1010.52631579, 1431.57894737,  252.63157895,
       1600.        ,    0.        ,  505.26315789, 1600.        ,
       1600.        ,  842.10526316,    0.        , 1600.        ,
          0.        ,  421.05263158, 1600.        ,    0.        ,
       1600.        ,  757.89473684])
array([   0.        ,  842.10526316, 1600.        , 1263.15789474,
        336.84210526, 1431.57894737,    0.        , 1600.        ,
        589.47368421, 1600.        ,    0.        , 1600.        ,
          0.        ,    0.        , 1600.        ,  842.10526316,
       1600.        ,  505.26315789,    0.        ])
array([   0.        ,  842.10526316, 1600.        ,  336.84210526,
       1600.        ,    0.        , 1178.94736842,    0.        ,
       1600.        ,  505.26315789, 1600.        ,  757.89473684,
          0.        , 1600.        ,    0.        , 1263.15789474,
       1600.        ,  842.10526316,    0.        ])
array([   0.        ,  842.10526316, 1600.        ,  336.84210526,
       1600.        ,    0.        , 1010.52631579, 1600.        ,
          0.        , 1600.        ,    0.        , 1600.        ,
        336.84210526,    0.        , 1600.        ,  673.68421053,
       1600.        ,  926.31578947,    0.        ])
array([   0.        ,  589.47368421, 1178.94736842, 1600.        ,
       1263.15789474,    0.        ,  757.89473684,    0.        ,
       1347.36842105,    0.        , 1431.57894737, 1600.        ,
          0.        ,  757.89473684, 1600.        ,  336.84210526,
       1600.        ,  842.10526316,    0.        ])
array([   0.        ,  673.68421053, 1515.78947368,  926.31578947,
       1600.        ,    0.        , 1178.94736842,    0.        ,
       1431.57894737,  421.05263158, 1600.        ,    0.        ,
       1094.73684211,    0.        ,  168.42105263, 1600.        ,
       1347.36842105,  505.26315789])
array([   0.        , 1010.52631579, 1600.        ,  252.63157895,
       1600.        ,    0.        ,  336.84210526, 1600.        ,
          0.        , 1600.        ,  505.26315789,    0.        ,
        842.10526316, 1600.        ,  421.05263158, 1600.        ,
        926.31578947,    0.        ])
array([   0.        ,  757.89473684, 1600.        ,  168.42105263,
       1600.        , 1094.73684211,    0.        ,  589.47368421,
       1600.        ,    0.        , 1600.        , 1263.15789474,
          0.        , 1600.        ,  336.84210526, 1347.36842105,
        589.47368421,    0.        ])
