array([   0.        ,  252.63157895,  589.47368421, 1347.36842105,
       1600.        , 1094.73684211, 1431.57894737,  589.47368421,
          0.        , 1600.        ,  757.89473684,  168.42105263,
       1010.52631579,    0.        , 1600.        , 1347.36842105,
        252.63157895, 1600.        ,    0.        , 1010.52631579,
        336.84210526, 1600.        , 1347.36842105,  505.26315789,
          0.        , 1600.        ,  673.68421053,  168.42105263,
       1431.57894737,  926.31578947,  421.05263158])
array([   0.        ,  252.63157895,  673.68421053,  926.31578947,
       1263.15789474, 1600.        , 1600.        , 1263.15789474,
        336.84210526,    0.        ,  842.10526316, 1600.        ,
          0.        , 1010.52631579, 1600.        ,  252.63157895,
          0.        , 1178.94736842,  589.47368421, 1431.57894737,
          0.        ,  252.63157895, 1600.        ,    0.        ,
       1347.36842105,  757.89473684,  168.42105263, 1600.        ,
       1347.36842105,  926.31578947,  421.05263158])
array([   0.        ,  589.47368421, 1010.52631579, 1347.36842105,
       1600.        ,  252.63157895,  757.89473684, 1600.        ,
          0.        , 1347.36842105,  252.63157895,    0.        ,
        926.31578947, 1600.        ,  589.47368421, 1431.57894737,
          0.        , 1600.        ,  926.31578947,    0.        ,
        168.42105263, 1178.94736842, 1600.        ,    0.        ,
       1347.36842105, 1600.        ,  421.05263158,  168.42105263,
       1431.57894737, 1010.52631579,  589.47368421])
array([   0.        ,  252.63157895,  926.31578947, 1600.        ,
       1347.36842105,  589.47368421, 1600.        , 1010.52631579,
        252.63157895, 1347.36842105,    0.        ,  505.26315789,
       1600.        ,    0.        , 1347.36842105,  926.31578947,
       1600.        ,    0.        ,  589.47368421, 1431.57894737,
          0.        , 1600.        , 1094.73684211,  252.63157895,
       1431.57894737,    0.        ,  757.89473684, 1600.        ,
       1178.94736842,  505.26315789,  168.42105263])
array([   0.        ,  336.84210526,  673.68421053, 1010.52631579,
       1347.36842105, 1600.        , 1431.57894737,    0.        ,
        336.84210526, 1600.        ,    0.        ,  589.47368421,
        757.89473684, 1600.        ,    0.        ,  926.31578947,
       1600.        , 1263.15789474,    0.        ,  252.63157895,
       1010.52631579, 1600.        ,    0.        ,  505.26315789,
       1600.        ,  168.42105263, 1347.36842105, 1094.73684211,
        757.89473684,  421.05263158])
