array([   0.        ,  252.63157895,  589.47368421,  926.31578947,
       1178.94736842, 1600.        , 1347.36842105, 1600.        ,
        589.47368421,    0.        , 1010.52631579,  252.63157895,
          0.        , 1263.15789474, 1600.        ,  589.47368421,
       1600.        ,  336.84210526,    0.        , 1263.15789474,
        757.89473684,    0.        , 1600.        ,  505.26315789,
       1600.        , 1178.94736842,  168.42105263,  842.10526316,
          0.        ,  252.63157895,  589.47368421, 1347.36842105,
       1600.        , 1094.73684211])
array([   0.        ,  252.63157895,  842.10526316, 1094.73684211,
       1347.36842105, 1600.        ,  589.47368421, 1600.        ,
          0.        ,  252.63157895, 1263.15789474,    0.        ,
        589.47368421, 1600.        , 1263.15789474,  252.63157895,
       1600.        ,  926.31578947,    0.        , 1178.94736842,
        252.63157895,    0.        , 1600.        , 1347.36842105,
        421.05263158, 1600.        , 1094.73684211,  168.42105263,
        505.26315789,    0.        ,  252.63157895, 1600.        ,
       1347.36842105, 1094.73684211,  757.89473684,  505.26315789])
array([   0.        ,  252.63157895,  842.10526316, 1094.73684211,
       1347.36842105, 1600.        ,  589.47368421, 1600.        ,
       1094.73684211,  336.84210526,    0.        ,    0.        ,
        589.47368421, 1178.94736842, 1600.        ,  252.63157895,
        757.89473684, 1600.        ,    0.        , 1094.73684211,
        252.63157895,    0.        , 1600.        , 1347.36842105,
        757.89473684, 1600.        , 1010.52631579,  168.42105263,
       1178.94736842,  336.84210526,    0.        , 1600.        ,
       1347.36842105,  926.31578947,  505.26315789,  168.42105263])
array([   0.        ,  336.84210526,  673.68421053, 1010.52631579,
       1347.36842105, 1600.        , 1178.94736842, 1600.        ,
        421.05263158,    0.        , 1263.15789474,    0.        ,
        421.05263158, 1600.        ,  589.47368421, 1347.36842105,
       1600.        ,    0.        ,  336.84210526, 1431.57894737,
          0.        , 1178.94736842,  505.26315789,  842.10526316,
       1600.        ,  168.42105263,  505.26315789, 1600.        ,
       1263.15789474,    0.        ,  252.63157895, 1431.57894737,
        926.31578947,  505.26315789])
array([   0.        ,  252.63157895,  673.68421053, 1094.73684211,
       1347.36842105, 1600.        ,  842.10526316, 1600.        ,
        336.84210526,    0.        ,  926.31578947,    0.        ,
       1178.94736842, 1600.        ,  505.26315789, 1600.        ,
       1178.94736842,    0.        ,  252.63157895,    0.        ,
        757.89473684, 1600.        ,  505.26315789, 1347.36842105,
       1600.        ,  252.63157895, 1094.73684211,  842.10526316,
          0.        ,  252.63157895,  589.47368421, 1600.        ,
       1347.36842105, 1010.52631579])
