array([ -0.54217906,  -1.11891572,  -1.54504682,  -1.91982617,
        -2.28974077,  -2.66483686,  -3.04756816,  -3.43804923,
        -3.90803262,  -4.17846669,  -4.382746  ,  -4.57287488,
        -4.77373031,  -4.99570141,  -5.25076996,  -5.65255299,
        -5.85481788,  -5.97106414,  -6.05274029,  -6.13190872,
        -6.23569573,  -6.40127902,  -6.8183783 ,  -6.97010141,
        -7.02329333,  -7.040792  ,  -7.06323622,  -7.1130838 ,
        -7.20576765,  -7.52997807,  -7.64156547,  -7.65825611,
        -7.69060706,  -7.70052218,  -7.7410697 ,  -7.90049649,
        -7.99036531,  -8.32420513,  -8.36868092,  -8.46370634,
        -8.50114956,  -8.5464701 ,  -8.79105769,  -8.92261695,
        -8.92948649,  -9.06903965,  -9.26406052,  -9.35928107,
        -9.42917669,  -9.52002429,  -9.53879802,  -9.63708391,
        -9.96135567, -10.00580154, -10.04713396, -10.29530096,
       -10.54638296, -10.63849787, -10.89660791, -10.91983471,
       -11.0198374 , -11.19636411, -11.24511468, -11.42035904,
       -11.44377266, -11.55113014, -11.58362369, -11.64817155,
       -11.71590729, -11.74654289, -11.76545493, -11.80438694,
       -11.84319017, -11.87572969, -11.92171991, -11.92377641,
       -11.95959636, -11.98293555, -11.98832226, -11.99219655,
       -12.0036803 , -12.00879124, -12.08385543, -12.10141039,
       -12.12716762, -12.13146128, -12.1373476 , -12.15977161,
       -12.31760347, -12.34090863, -12.34787942, -12.3522025 ,
       -12.35399361, -12.37060982, -12.37258948, -12.37410447,
       -12.38287773, -12.38805802, -12.39155918])
array([ -0.54217906,  -1.1147086 ,  -1.53629208,  -1.90575768,
        -2.26861066,  -2.63381207,  -3.00476028,  -3.37392404,
        -3.78036149,  -4.02219967,  -4.20683832,  -4.37663982,
        -4.56402913,  -4.77665389,  -5.02460858,  -5.41793192,
        -5.60637271,  -5.70769967,  -5.76529423,  -5.79921986,
        -5.81549489,  -6.25274578,  -6.42371003,  -6.49067827,
        -6.51575202,  -6.5460793 ,  -6.60331733,  -6.70100915,
        -7.03508304,  -7.15764183,  -7.18817616,  -7.23481174,
        -7.2605154 ,  -7.33904745,  -7.52221608,  -7.63173721,
        -8.00442228,  -8.10847821,  -8.11464336,  -8.19651842,
        -8.23835809,  -8.39838565,  -8.41579578,  -8.64636092,
        -8.75973052,  -8.93991958,  -9.04082134,  -9.05255887,
        -9.12457675,  -9.14149047,  -9.20790197,  -9.2819694 ,
        -9.37749816,  -9.39246987,  -9.49064163,  -9.57711914,
        -9.60533303,  -9.88799419,  -9.94475435, -10.21520469,
       -10.47377541, -10.75444051, -10.83826536, -10.95413791,
       -11.18633399, -11.2129771 , -11.23015593, -11.31568034,
       -11.4145544 , -11.45135071, -11.50104928, -11.51853875,
       -11.64647004, -11.65653899, -11.68093794, -11.75756379,
       -11.77618182, -11.87494432, -11.88452612, -12.01653683,
       -12.03243961, -12.0553891 , -12.06801036, -12.10643055,
       -12.10936782, -12.12458633, -12.12573616, -12.15056717,
       -12.18313386, -12.1846836 , -12.19208154, -12.22078683,
       -12.22182264, -12.22993447, -12.28158733, -12.28741453,
       -12.29300153, -12.29584667, -12.30781687, -12.30840283,
       -12.32232826, -12.3236994 , -12.33952331, -12.35193168,
       -12.35204315, -12.3633991 , -12.37006598, -12.37987949,
       -12.38458946, -12.3906841 , -12.39961457, -12.44337087,
       -12.46831167, -12.48671218, -12.49148014, -12.50618321,
       -12.50728621, -12.50805407, -12.50949888, -12.52897756,
       -12.53017685, -12.53952767, -12.54158254, -12.54393321,
       -12.56981806, -12.57017503, -12.62840214, -12.64240513,
       -12.6574263 , -12.66780562, -12.67953535, -12.69287247,
       -12.693596  , -12.7000934 , -12.70154741, -12.71462637,
       -12.71993123, -12.72447687, -12.72601903])
array([ -0.54217906,  -1.11080194,  -1.52499636,  -1.88602518,
        -2.23235845,  -2.57873709,  -2.94740156,  -3.33284809,
        -3.79008731,  -4.04208718,  -4.21364302,  -4.33744112,
        -4.5064487 ,  -4.70579823,  -4.9381114 ,  -5.2998405 ,
        -5.43247534,  -5.43762929,  -5.52292675,  -5.63607019,
        -5.81549489,  -6.25274578,  -6.42371003,  -6.49067827,
        -6.51575202,  -6.5460793 ,  -6.60331733,  -6.70100915,
        -7.03508304,  -7.15764183,  -7.18817616,  -7.23481174,
        -7.2605154 ,  -7.33904745,  -7.52221608,  -7.63173721,
        -8.00442228,  -8.10847821,  -8.11464336,  -8.19651842,
        -8.23835809,  -8.39838565,  -8.41579578,  -8.64636092,
        -8.75973052,  -8.93991958,  -9.04082134,  -9.05255887,
        -9.06983473,  -9.15896781,  -9.23068656,  -9.25494999,
        -9.32115103,  -9.4031247 ,  -9.41916718,  -9.52603657,
        -9.60091357,  -9.61423643,  -9.61495914,  -9.81774091,
        -9.8835848 , -10.19091276, -10.40955806, -10.58771513,
       -10.64903211, -10.73446424, -10.87901187, -10.89318153,
       -10.99357443, -11.12448801, -11.28286156, -11.44274289,
       -11.56422119, -11.60949063, -11.70505368, -11.90427601,
       -12.04031727, -12.05231007, -12.0826921 , -12.11373896,
       -12.22740862, -12.2862047 , -12.30639851, -12.30692527,
       -12.36253245, -12.3747421 , -12.42182082, -12.42734332,
       -12.44563637, -12.47811333, -12.49007413, -12.49152609,
       -12.55348607, -12.57061027, -12.58993029, -12.59153557,
       -12.60022814, -12.60307184, -12.63722014, -12.64027489,
       -12.67017487, -12.68894159, -12.69341875, -12.6935046 ,
       -12.6976732 , -12.71390738, -12.71401816, -12.71412665,
       -12.72909831, -12.73528335, -12.73963483, -12.73980307,
       -12.74298949, -12.74470057, -12.74499108, -12.7553112 ,
       -12.75879536])
array([ -0.54217906,  -1.1188999 ,  -1.54446098,  -1.91879804,
        -2.28807508,  -2.66295336,  -3.04505804,  -3.43546032,
        -3.9046773 ,  -4.17325787,  -4.37539142,  -4.56336392,
        -4.76301087,  -4.98417582,  -5.23889678,  -5.64013274,
        -5.84031788,  -5.9547013 ,  -6.03537985,  -6.11044698,
        -6.20892855,  -6.37439656,  -6.797018  ,  -6.9444096 ,
        -6.98945844,  -7.00271207,  -7.02333125,  -7.07036871,
        -7.16085195,  -7.48041067,  -7.58584321,  -7.59770467,
        -7.62707635,  -7.66987874,  -7.75372459,  -7.85238733,
        -8.16313787,  -8.28018328,  -8.35137218,  -8.37755133,
        -8.72985333,  -8.79660393,  -8.8209753 ,  -9.02240231,
        -9.12275967,  -9.36891438,  -9.42010097,  -9.53830175,
        -9.62681223,  -9.72136723,  -9.73927419,  -9.75618811,
        -9.77028254,  -9.85708312,  -9.85722457,  -9.86365662,
        -9.87368636,  -9.96605055, -10.19767389, -10.22064515,
       -10.22655815, -10.32299331, -10.61542797, -10.82257563,
       -10.96378505, -11.1406291 , -11.26674779, -11.29162231,
       -11.34590728, -11.45378329, -11.48133866, -11.49083752,
       -11.49497038, -11.5368764 , -11.61466046, -11.73171932,
       -11.81104224, -11.85306568, -11.93251445, -12.00449561,
       -12.01231559, -12.01531772, -12.02152519, -12.0423567 ,
       -12.11929301, -12.12513746, -12.13034903, -12.14124133,
       -12.15808965, -12.1995481 , -12.21608728, -12.23326238,
       -12.23411936, -12.2441842 , -12.2479939 , -12.28154903,
       -12.28512687, -12.2949573 , -12.30678608, -12.42138085,
       -12.42967069, -12.43616532, -12.44803688, -12.45540047,
       -12.4563119 , -12.46197817, -12.47272016, -12.47912849,
       -12.47915324, -12.49458511, -12.49993974, -12.50472054,
       -12.5055867 , -12.51591126, -12.5201514 , -12.52202405,
       -12.52366506, -12.52378409, -12.52479569, -12.52509206,
       -12.52624198, -12.52720139])
array([ -0.54217906,  -1.11331831,  -1.53231777,  -1.89673822,
        -2.25154768,  -2.6135782 ,  -2.98927855,  -3.37880688,
        -3.84828035,  -4.11310381,  -4.29856821,  -4.45892211,
        -4.63986155,  -4.84916885,  -5.09423317,  -5.47404529,
        -5.65245732,  -5.74080221,  -5.77120591,  -5.82880252,
        -5.91886032,  -6.081337  ,  -6.4920778 ,  -6.62287811,
        -6.63359577,  -6.70848102,  -6.81126513,  -6.82275412,
        -7.14607277,  -7.26526343,  -7.30100768,  -7.40370974,
        -7.47453954,  -7.60825688,  -7.75323308,  -8.15652094,
        -8.27826672,  -8.30159157,  -8.39234944,  -8.44667846,
        -8.62224107,  -8.6496762 ,  -8.88295554,  -8.99815042,
        -8.9986115 ,  -9.16831375,  -9.21958165,  -9.23346999,
        -9.29054229,  -9.30126004,  -9.38499915,  -9.46535375,
        -9.56062972,  -9.6517064 ,  -9.74034413,  -9.83494115,
        -9.99265925, -10.29585724, -10.4609491 , -10.683488  ,
       -10.92329973, -11.16126748, -11.32417585, -11.50940284,
       -11.63133311, -11.65483362, -11.76546491, -11.92395934,
       -11.94725911, -11.9601284 , -11.9906117 , -12.00004443,
       -12.02098036, -12.06736453, -12.08692837, -12.14064786,
       -12.17072984, -12.2404703 , -12.27591906, -12.30602232,
       -12.32525686, -12.32968401, -12.33951977, -12.34261525,
       -12.35309436, -12.35744797, -12.36285681, -12.37965758,
       -12.39320635, -12.39519733, -12.41612801, -12.41800309,
       -12.43249037, -12.44149009, -12.46020832, -12.464492  ,
       -12.46720218, -12.46724974, -12.47279078, -12.47687927,
       -12.47755124])
