[ 421.05263158  673.68421053  926.31578947 1178.94736842 1431.57894737
  168.42105263 1600.         1347.36842105  673.68421053  421.05263158
    0.          926.31578947 1600.          168.42105263  421.05263158
 1178.94736842 1431.57894737    0.          252.63157895 1600.
 1263.15789474  505.26315789    0.         1431.57894737  336.84210526
  589.47368421 1600.          842.10526316  168.42105263 1263.15789474
 1010.52631579  673.68421053    0.          252.63157895 1431.57894737
 1178.94736842  505.26315789    0.         1600.         1347.36842105
 1010.52631579  757.89473684  252.63157895]
[   0.          673.68421053  926.31578947 1178.94736842 1431.57894737
  421.05263158 1600.         1347.36842105  673.68421053  252.63157895
    0.          926.31578947 1600.          421.05263158    0.
  673.68421053 1178.94736842 1431.57894737  252.63157895 1600.
 1094.73684211    0.          336.84210526 1431.57894737  589.47368421
    0.          842.10526316 1600.          168.42105263 1263.15789474
 1010.52631579    0.          336.84210526 1431.57894737 1178.94736842
  589.47368421  168.42105263 1600.         1347.36842105 1010.52631579
  757.89473684  421.05263158]
[   0.          252.63157895  505.26315789  757.89473684 1094.73684211
 1347.36842105 1600.         1600.         1347.36842105 1094.73684211
  589.47368421  252.63157895    0.          842.10526316    0.
  252.63157895 1347.36842105 1600.         1094.73684211  673.68421053
 1600.         1347.36842105  252.63157895    0.          926.31578947
  505.26315789    0.          252.63157895 1431.57894737  673.68421053
 1600.         1347.36842105 1094.73684211  252.63157895    0.
  505.26315789 1600.          926.31578947    0.          252.63157895
 1178.94736842 1431.57894737  757.89473684  505.26315789]
[   0.          336.84210526  589.47368421  842.10526316 1094.73684211
 1347.36842105 1600.         1431.57894737 1178.94736842  926.31578947
  673.68421053  421.05263158  168.42105263 1600.            0.
  252.63157895 1010.52631579 1263.15789474  505.26315789    0.
 1431.57894737  757.89473684  168.42105263 1600.         1263.15789474
  926.31578947    0.          505.26315789 1600.          757.89473684
  168.42105263 1178.94736842  926.31578947  505.26315789    0.
 1431.57894737 1178.94736842  252.63157895  505.26315789  926.31578947
 1600.         1347.36842105    0.        ]
[   0.          252.63157895  505.26315789  757.89473684 1094.73684211
 1347.36842105 1600.         1600.         1347.36842105 1094.73684211
  589.47368421  252.63157895    0.          842.10526316    0.
  252.63157895 1263.15789474 1600.          673.68421053  421.05263158
 1431.57894737  168.42105263 1010.52631579 1600.         1347.36842105
  505.26315789    0.          252.63157895  842.10526316 1600.
    0.         1178.94736842 1431.57894737  589.47368421  168.42105263
 1010.52631579 1600.         1263.15789474    0.          336.84210526
  589.47368421  842.10526316 1431.57894737 1094.73684211]
