[ -1.62681928  -3.11498473  -4.4757663   -5.79669032  -7.11460514
  -8.43879197  -9.893054   -11.00632318 -11.90081219 -12.71182251
 -13.51699439 -14.34221307 -15.45028713 -16.74983201 -17.7368547
 -18.61898681 -19.29093074 -19.9252991  -20.58934162 -21.47300908
 -22.42044949 -23.12355149 -24.33088914 -25.01372139 -25.47178116
 -25.86985055 -26.26342645 -27.08004967 -27.90285062 -28.44147256
 -28.99326561 -29.37822645 -29.74639732 -30.76514602 -31.40292966
 -31.91180016 -32.51580661 -32.95815244 -33.25902697 -34.00276693
 -34.54475765 -35.28057578 -35.80542983 -36.16871285 -36.9577279
 -37.36465047 -38.32049598 -38.89582896 -39.33068691 -39.44429631
 -39.50993013 -39.51342838 -39.55480954 -39.60041307 -39.72391417
 -39.77531052 -39.92525444 -40.07434395 -40.1934217  -40.27427193
 -40.30044245 -40.32225092 -40.33746902 -40.64241827 -40.65897538
 -40.68284791 -40.69447106 -40.71732069 -40.7389219  -40.74621291
 -40.80334199 -40.8204513  -40.88745665 -40.88749387 -40.98257401
 -40.98609622 -41.02971951 -41.03707943]
[ -1.62681928  -3.17280715  -4.55962363  -5.87921287  -7.19770598
  -8.52010598  -9.95819232 -11.05647108 -11.96719078 -12.79285398
 -13.59904595 -14.59634101 -15.60133347 -16.90275148 -17.7989099
 -18.91063074 -19.68523647 -20.33958387 -20.99864258 -21.87984514
 -22.59223826 -23.22379468 -24.41144297 -25.07288401 -25.53670605
 -25.95282001 -26.65410288 -27.20544957 -28.01261101 -28.44917926
 -29.30884261 -29.8162369  -30.20415215 -31.21602249 -31.65985545
 -32.31907919 -32.64759027 -33.16264482 -33.55694274 -34.43372449
 -34.85093235 -35.60743669 -36.12923768 -36.42341724 -36.64557524
 -37.25941092 -38.25123416 -38.88766446 -39.23246211 -39.55436773
 -39.73956772 -39.95456143 -39.98886137 -40.18880875 -40.34462935
 -40.50254303 -40.58892881 -40.59594139 -40.6946721  -40.74861927
 -40.81173574 -41.11924748 -41.15556449 -41.174704   -41.23432275
 -41.33282449 -41.34560136]
[ -1.62681928  -3.25382622  -4.65054963  -5.94774649  -7.20021161
  -8.50323837  -9.81775448 -11.14669696 -12.54013523 -13.58408627
 -14.46475284 -15.27250649 -16.07757131 -16.92672933 -17.88410196
 -18.95965246 -19.6360237  -20.2248119  -20.746742   -21.37012192
 -22.14803512 -23.37968454 -24.09473773 -24.60816858 -25.04569613
 -25.67006979 -26.33042082 -26.96956347 -27.91428571 -28.42311454
 -28.97311016 -29.46592154 -30.10134773 -30.60368289 -31.06263932
 -32.11593329 -32.74951602 -33.13948902 -33.69534514 -34.22812078
 -34.63339253 -35.70809217 -36.08780735 -36.94988845 -37.3856088
 -37.91714207 -38.65581554 -38.99039817 -39.23891016 -39.43044841
 -39.60125925 -39.63285843 -39.82325135 -39.84483039 -39.98917507
 -40.19289819 -40.25493002 -40.30453463 -40.53095926 -40.5935032
 -40.7207088  -40.72768355 -40.73347336 -40.77731551 -40.77971979
 -40.8733372  -40.95761807 -41.02769372 -41.1421972  -41.16012541
 -41.1840568  -41.2310309  -41.26180513 -41.29222408 -41.3304906
 -41.40431105 -41.40793401 -41.49859682 -41.50353393 -41.50662732
 -41.5241419  -41.52651033 -41.54805025 -41.55326367 -41.58905134
 -41.59252232 -41.60891447 -41.6397002  -41.65151023 -41.66239943
 -41.66460992 -41.67200315]
[ -1.62681928  -3.27004609  -4.67689128  -6.00448559  -7.30878026
  -8.59492046  -9.81684394 -11.02876066 -12.06933883 -12.98283256
 -13.87080366 -14.77450794 -15.7243393  -17.04863403 -18.19469219
 -19.12621667 -19.78657738 -20.38459951 -21.01891665 -21.70691141
 -22.64488181 -23.65609513 -24.37555824 -24.8396306  -25.18213058
 -25.54369006 -26.21798656 -27.28004565 -27.98550508 -28.90399959
 -29.39846042 -29.72784273 -30.01522491 -30.28373518 -31.30377488
 -31.9915881  -32.59649021 -33.06373019 -33.35573046 -33.59247531
 -34.39672186 -35.13200385 -35.67437823 -36.15462983 -36.69533925
 -37.02763263 -37.99376259 -38.53372524 -39.14710538 -39.22695702
 -39.37799392 -39.41282734 -39.48222652 -39.71145702 -39.73057982
 -39.9745231  -40.21758874 -40.34117787 -40.41069447 -40.48558428
 -40.50131324 -40.53115608 -40.62002452 -40.62358606 -40.68039632
 -40.74812294 -40.75377906 -40.77151597 -40.77695542 -40.78753186
 -40.81864128 -40.84736708 -40.84869472 -40.88407614 -40.88678431
 -40.9094046  -40.91400374 -40.91641813 -40.93828438 -40.97589344
 -40.97644358 -40.98297372 -41.02710387]
[ -1.62681928  -3.28541043  -4.70336247  -6.03390667  -7.33959204
  -8.64504556  -9.93238122 -11.20619203 -12.49983132 -13.5128226
 -14.38180057 -15.24498439 -16.11397194 -17.01538278 -17.99277338
 -19.08465854 -19.78649989 -20.34219204 -20.88182715 -21.43819011
 -22.02436601 -22.84987826 -23.54161703 -24.00321808 -24.37395722
 -24.75214019 -25.21295567 -26.26444696 -26.94321906 -27.86999697
 -28.59187073 -29.0510663  -29.42746441 -29.80204952 -30.84154811
 -31.65184361 -32.32222775 -33.10398295 -33.48276934 -33.75304655
 -34.02142794 -34.61721532 -35.72706444 -36.2452051  -37.10625051
 -37.53511696 -37.79104809 -38.00497104 -38.65940583 -38.9918232
 -39.13565067 -39.35853918 -39.39595905 -39.70268485 -39.87551595
 -40.08761935 -40.26473443 -40.33287245 -40.35694839 -40.40544492
 -40.47924352 -40.53226236 -40.61304589 -40.65055587 -40.71558425
 -40.73705259 -40.83587539 -40.85289256 -40.87417368 -40.87493428
 -40.89365802 -40.90742386 -41.02221961 -41.06766599 -41.07011266
 -41.08908038 -41.15698391 -41.19695942 -41.21661684 -41.23069031
 -41.28102615]
