[-6.49194148e-04 -3.63804142e-02 -3.68902372e-02 -4.00274820e-02
 -5.05467554e-02 -5.90051698e-02 -7.84992329e-02 -7.96945059e-02
 -1.02084816e-01 -1.10001332e-01 -1.20165863e-01 -1.53736403e-01
 -1.58773222e-01 -1.66478089e-01 -1.76476670e-01 -1.82519154e-01
 -1.86785863e-01 -1.95348367e-01 -1.96246585e-01 -2.12250061e-01
 -2.16759929e-01 -2.23595592e-01 -2.46779733e-01 -2.47599950e-01
 -2.52029783e-01 -2.59398808e-01 -2.60572051e-01 -2.66849437e-01
 -2.67865985e-01 -2.73709168e-01 -2.84386521e-01 -2.96841478e-01
 -3.02659688e-01 -3.19569607e-01 -3.31044158e-01 -3.54373742e-01
 -3.61156305e-01 -3.67463212e-01 -3.79086042e-01 -3.96477173e-01
 -4.43873835e-01 -5.18139444e-01 -5.22101133e-01 -5.52462231e-01
 -5.58852858e-01 -5.82384043e-01 -5.91340254e-01 -6.04711881e-01
 -6.27310207e-01 -6.32165297e-01 -6.36715264e-01 -6.43546794e-01
 -6.45051222e-01 -6.51002792e-01 -6.52663625e-01 -6.77535473e-01
 -6.83368965e-01 -6.84110570e-01 -6.87895141e-01 -7.03031856e-01
 -7.08768857e-01 -7.13275536e-01 -7.18011346e-01 -7.21520697e-01
 -7.21787972e-01 -7.24681750e-01]
[-6.49194148e-04 -2.70715703e-02 -2.73821634e-02 -3.51161297e-02
 -3.96490213e-02 -4.49807671e-02 -5.81813236e-02 -6.10210761e-02
 -6.94441928e-02 -7.21181255e-02 -8.56690597e-02 -9.50283959e-02
 -1.18642988e-01 -1.19780581e-01 -1.29162751e-01 -1.29912918e-01
 -1.55887292e-01 -1.58657515e-01 -1.69299776e-01 -1.91806426e-01
 -1.97894153e-01 -2.10278295e-01 -2.16621285e-01 -2.21591029e-01
 -2.23106738e-01 -2.72996774e-01 -2.81864815e-01 -3.04159279e-01
 -3.12493931e-01 -3.21019370e-01 -3.21531671e-01 -3.24542267e-01
 -3.25810227e-01 -3.33653880e-01 -3.53934298e-01 -3.56128664e-01
 -3.60787539e-01 -3.64271310e-01 -3.72486120e-01 -4.29418975e-01
 -4.50453629e-01 -4.90917433e-01 -5.42527611e-01 -5.71216466e-01
 -6.17038145e-01 -6.28571098e-01 -6.35971810e-01 -6.51683634e-01
 -6.70755466e-01 -6.95586152e-01 -7.07254189e-01 -7.07827787e-01
 -7.13109167e-01 -7.16014762e-01 -7.19983664e-01 -7.20480661e-01
 -7.20929090e-01 -7.29272454e-01 -7.34532411e-01 -7.40980115e-01
 -7.42630958e-01 -7.43963645e-01]
[-6.49194148e-04 -3.57646447e-02 -4.39269550e-02 -5.31790626e-02
 -5.94210363e-02 -8.35769031e-02 -8.70795173e-02 -8.77402087e-02
 -9.13710942e-02 -1.15463256e-01 -1.15695505e-01 -1.19544475e-01
 -1.29649082e-01 -1.44254543e-01 -1.54580967e-01 -1.55330517e-01
 -1.60317282e-01 -1.61414533e-01 -1.76064188e-01 -1.96967603e-01
 -2.07713721e-01 -2.59420543e-01 -2.60864168e-01 -2.71194177e-01
 -2.81704999e-01 -3.41560435e-01 -3.54122049e-01 -3.86134454e-01
 -3.94077116e-01 -4.02061741e-01 -4.68714616e-01 -5.03193357e-01
 -5.06703365e-01 -5.26580002e-01 -5.84776066e-01 -5.96828715e-01
 -6.02515435e-01 -6.06048603e-01 -6.19963539e-01 -6.24013942e-01
 -6.27070474e-01 -6.38057166e-01 -6.40961503e-01 -6.47075368e-01
 -6.50715287e-01 -6.62600383e-01 -6.66861728e-01 -6.67230220e-01
 -6.80314268e-01 -6.82534202e-01 -6.85545976e-01 -6.94059036e-01
 -6.98892494e-01]
[-6.49194148e-04 -3.33379178e-02 -3.76270510e-02 -3.86735058e-02
 -4.35125470e-02 -4.60044890e-02 -7.58433818e-02 -8.41792318e-02
 -8.80964355e-02 -8.91197446e-02 -9.53360607e-02 -1.01042465e-01
 -1.14867743e-01 -1.16160740e-01 -1.33739596e-01 -1.37918279e-01
 -1.39717397e-01 -1.58573910e-01 -1.66889731e-01 -2.14321287e-01
 -2.25709897e-01 -2.29655500e-01 -2.32298973e-01 -2.44066462e-01
 -2.47620622e-01 -2.58212643e-01 -2.83086012e-01 -2.93109932e-01
 -3.06769670e-01 -3.09377357e-01 -3.13055271e-01 -3.18142230e-01
 -3.48547214e-01 -3.55761675e-01 -3.62910130e-01 -3.64804226e-01
 -3.80003236e-01 -4.30359181e-01 -5.09894746e-01 -5.61610128e-01
 -6.00505017e-01 -6.62210102e-01 -6.65320901e-01 -6.68581944e-01
 -6.81818585e-01 -6.86844885e-01 -6.87151077e-01 -6.96029949e-01
 -7.00125132e-01 -7.00883077e-01 -7.00987373e-01 -7.03902157e-01
 -7.05079651e-01 -7.08219516e-01 -7.10964064e-01 -7.12055948e-01
 -7.20100069e-01 -7.20461809e-01 -7.31936983e-01 -7.34000588e-01
 -7.34275596e-01 -7.35101622e-01 -7.37487551e-01 -7.39027305e-01
 -7.39844285e-01]
[-6.49194148e-04 -3.70754307e-02 -4.55177224e-02 -4.88072742e-02
 -5.58303056e-02 -7.25342168e-02 -7.43248467e-02 -8.89896452e-02
 -9.21000104e-02 -9.71194036e-02 -1.03250257e-01 -1.14388679e-01
 -1.20139234e-01 -1.21602062e-01 -1.28736094e-01 -1.31332519e-01
 -1.31765506e-01 -1.34072473e-01 -1.35044366e-01 -1.47608713e-01
 -1.48084341e-01 -1.78689255e-01 -1.96260452e-01 -1.98008985e-01
 -2.11493194e-01 -2.22535682e-01 -2.30459690e-01 -2.48915798e-01
 -2.66478138e-01 -2.68298625e-01 -2.72014108e-01 -2.76114075e-01
 -2.79866888e-01 -3.02026124e-01 -3.12114660e-01 -3.14241195e-01
 -3.17047435e-01 -3.54949189e-01 -3.96278213e-01 -4.01579795e-01
 -4.55598417e-01 -5.14753467e-01 -5.38013135e-01 -5.56784693e-01
 -5.64902657e-01 -5.87977667e-01 -5.97580006e-01 -6.06404233e-01
 -6.17876139e-01 -6.18378466e-01 -6.23014019e-01 -6.26287718e-01
 -6.42190626e-01 -6.52889683e-01 -6.54135030e-01 -6.57723009e-01
 -6.61353816e-01 -6.62987942e-01 -6.65269588e-01 -6.65360737e-01
 -6.70670904e-01 -6.71295782e-01 -6.72929059e-01 -6.74724170e-01
 -6.77677636e-01 -6.77882277e-01 -6.78458248e-01 -6.85013411e-01
 -6.89952682e-01 -6.91449793e-01 -6.92744648e-01 -6.92767353e-01]
