[-0.32588321 -0.6849726  -0.95428228 -1.19376766 -1.42018258 -1.64972979
 -1.86835741 -2.12522007 -2.39780426 -2.52161454 -2.60048937 -2.68828427
 -2.78506248 -2.9001805  -3.04773501 -3.23910661 -3.27509694 -3.28198728
 -3.37004599 -3.39117769 -3.4503742  -3.66154152 -3.73254694 -3.74778993
 -3.75093813 -3.77058528 -3.97243547 -4.00049473 -4.12269088 -4.16739479
 -4.19028984 -4.27521055 -4.40057794 -4.41305692 -4.6415804  -4.65023301
 -4.72713487 -4.75773817 -4.82844306 -4.96810354 -4.96990937 -4.98040419
 -5.17525682 -5.2415971  -5.25742777 -5.26022316 -5.27356774 -5.33940891
 -5.42402246 -5.43565858 -5.67349053 -5.85608031 -6.05072565 -6.17301632
 -6.31565475 -6.41105222 -6.54869551 -6.55377979 -6.69189578 -6.86604889
 -6.90671474 -6.97832825 -7.03129305 -7.06235168 -7.08420328 -7.1497892
 -7.16625607 -7.19136794 -7.22518754 -7.22673196 -7.23753221 -7.25729422
 -7.25990641 -7.26625621 -7.2748994  -7.29002208 -7.29149425 -7.3042139
 -7.33706182 -7.34987548 -7.35464827 -7.36633525 -7.38176758 -7.38556252
 -7.40829869 -7.41007095 -7.41043838 -7.4120591  -7.41793881]
[-0.32588321 -0.6868507  -0.9579758  -1.20436485 -1.45085687 -1.70422471
 -1.9651919  -2.23606289 -2.53862148 -2.70911297 -2.82578053 -2.92908094
 -3.03436232 -3.15325813 -3.30511933 -3.51103295 -3.56654246 -3.60279793
 -3.61425549 -3.63685752 -3.69327354 -3.82564822 -3.86672024 -4.09037583
 -4.11728326 -4.14902694 -4.19079965 -4.21013581 -4.36570218 -4.42510731
 -4.44640228 -4.48727747 -4.50252177 -4.61768333 -4.65369575 -4.73595538
 -4.74723074 -4.82942282 -4.8606562  -4.86984366 -4.87035047 -4.98156155
 -4.99243846 -4.99969821 -5.00325009 -5.06017907 -5.06659473 -5.10022681
 -5.16400183 -5.25087737 -5.26103678 -5.35131299 -5.45257862 -5.69081934
 -5.90765808 -5.95717517 -6.07944152 -6.15851357 -6.29458881 -6.44751173
 -6.53745161 -6.57368978 -6.60484478 -6.61772442 -6.63414023 -6.65145591
 -6.7532229  -6.769515   -6.78380287 -6.80508478 -6.86392791 -6.88606086
 -6.97666538 -7.02923463 -7.04588897 -7.05467979 -7.08021354 -7.08313717
 -7.10393427 -7.13637757 -7.18012013 -7.19926636 -7.23082145 -7.28717981
 -7.28771102 -7.29804303 -7.29911488 -7.30484376 -7.30733666 -7.32637083
 -7.33886486 -7.35733154 -7.36388971]
[-0.32588321 -0.68383888 -0.95016951 -1.18417664 -1.40963827 -1.62769088
 -1.87761174 -2.13841729 -2.4250796  -2.57380854 -2.64356075 -2.71466426
 -2.80288429 -2.91527241 -3.06194971 -3.24552521 -3.26936964 -3.2794053
 -3.3218416  -3.39117769 -3.4503742  -3.66154152 -3.73254694 -3.74778993
 -3.75093813 -3.77058528 -3.97243547 -4.00049473 -4.12269088 -4.16739479
 -4.19028984 -4.27521055 -4.40057794 -4.41305692 -4.6415804  -4.65023301
 -4.72713487 -4.75773817 -4.82844306 -4.96810354 -4.96990937 -4.98040419
 -5.17525682 -5.2415971  -5.25742777 -5.36913145 -5.4070934  -5.47110039
 -5.55735292 -5.55785667 -5.57508235 -5.57613062 -5.59127682 -5.60165192
 -5.63241659 -5.66448727 -5.68632342 -5.81010986 -5.87278976 -5.93965604
 -5.95708741 -6.01510082 -6.01836286 -6.05175538 -6.24344135 -6.33497218
 -6.4717467  -6.50746161 -6.61172455 -6.62033682 -6.74302323 -6.76259922
 -6.82277199 -6.88899936 -6.92914037 -6.9757877  -6.99577497 -7.06956279
 -7.11401271 -7.14702791 -7.15651876 -7.1655691  -7.18252923 -7.1865528
 -7.21036539 -7.21054153 -7.2160535  -7.30590127 -7.31454503 -7.39920336
 -7.40229835 -7.40304108 -7.42074581 -7.44678906 -7.48749158 -7.49670083
 -7.49855169 -7.49895642 -7.50828417 -7.50999021 -7.51034008 -7.5142718
 -7.52576746]
[-0.32588321 -0.65206665 -0.87300559 -1.09324345 -1.32190865 -1.56522672
 -1.82218478 -2.09105245 -2.39253363 -2.56251104 -2.67541254 -2.76752628
 -2.84889236 -2.96666423 -3.19839549 -3.25597874 -3.25986199 -3.27827365
 -3.34477076 -3.45340635 -3.48386201 -3.71495636 -3.77590361 -3.77674264
 -3.86439412 -3.89135984 -4.11864315 -4.26460471 -4.28477873 -4.28907246
 -4.29151863 -4.37723764 -4.40137763 -4.51246727 -4.52800909 -4.67535978
 -4.69163845 -4.92127972 -4.92299974 -4.99822966 -5.018257   -5.12232795
 -5.12816037 -5.17568682 -5.22793833 -5.23299957 -5.24962227 -5.27848536
 -5.28278585 -5.31412199 -5.37570626 -5.60238284 -5.78951017 -5.99312078
 -6.065151   -6.23717313 -6.30036795 -6.47589914 -6.50342508 -6.5704919
 -6.73847121 -6.75207402 -6.82513094 -6.83917705 -6.883494   -6.92142649
 -6.93107862 -6.98569727 -7.01792899 -7.04594257 -7.12521067 -7.12626563
 -7.13098758 -7.16629715 -7.17043286 -7.18125459 -7.19462445 -7.1956858
 -7.21917204 -7.22475367 -7.22946043 -7.23432126 -7.32356202 -7.32411713]
[-0.32588321 -0.68392056 -0.95383031 -1.19390716 -1.43676918 -1.67912146
 -1.93687166 -2.20637604 -2.505943   -2.67453426 -2.7760227  -2.87301287
 -2.97050422 -3.08483327 -3.23078773 -3.43253759 -3.4784832  -3.50649882
 -3.52741344 -3.55274292 -3.62782314 -3.67031396 -3.91871305 -3.95799379
 -3.98800548 -4.02477748 -4.05602308 -4.20009276 -4.23078682 -4.33732531
 -4.4660618  -4.46940507 -4.49289958 -4.65974026 -4.69680704 -4.7627591
 -4.78230149 -4.98566669 -4.99600297 -5.11286031 -5.1301892  -5.15445425
 -5.1627022  -5.17588025 -5.21850947 -5.2752076  -5.30207709 -5.36749768
 -5.42892266 -5.44395154 -5.4531615  -5.47248481 -5.55982371 -5.58385952
 -5.60253924 -5.83424853 -5.93975657 -6.13203015 -6.19413394 -6.37086857
 -6.47023208 -6.60497694 -6.63220219 -6.69439538 -6.84553422 -6.92022938
 -6.9605229  -7.01724713 -7.04133895 -7.04596972 -7.05710742 -7.07298775
 -7.11318995 -7.14254978 -7.14884148 -7.17380806 -7.17968978 -7.20056502
 -7.20758768 -7.20979434 -7.22599506 -7.23708568 -7.24579881 -7.25483646
 -7.27367262 -7.28145091 -7.32903696 -7.33126101 -7.33717964 -7.35077127
 -7.36208423 -7.3696958  -7.37532118 -7.37583752 -7.38288416 -7.3848028 ]
