[   0.          252.63157895  589.47368421 1263.15789474 1600.
  842.10526316 1600.         1010.52631579    0.          673.68421053
    0.          505.26315789 1263.15789474 1600.         1263.15789474
  168.42105263 1600.            0.          252.63157895  926.31578947
  421.05263158 1600.         1178.94736842    0.          673.68421053
 1431.57894737    0.          926.31578947 1600.         1178.94736842
  421.05263158]
[   0.          336.84210526  757.89473684 1347.36842105 1600.
 1094.73684211 1600.          842.10526316    0.         1347.36842105
  252.63157895    0.         1600.         1010.52631579  421.05263158
 1010.52631579 1600.            0.          757.89473684  168.42105263
 1600.         1178.94736842  168.42105263 1431.57894737  421.05263158
    0.         1600.         1263.15789474  926.31578947  673.68421053
  252.63157895]
[   0.          252.63157895  842.10526316 1347.36842105 1600.
 1094.73684211 1431.57894737  589.47368421    0.         1600.
  421.05263158    0.         1263.15789474  252.63157895 1600.
  757.89473684 1010.52631579    0.         1263.15789474 1600.
  673.68421053    0.         1600.          168.42105263 1431.57894737
  421.05263158    0.         1600.         1178.94736842  842.10526316
  589.47368421  252.63157895]
[   0.          252.63157895  505.26315789  757.89473684 1010.52631579
 1263.15789474 1600.         1600.         1347.36842105  589.47368421
    0.            0.         1010.52631579  252.63157895 1600.
  757.89473684    0.         1600.            0.          926.31578947
  168.42105263 1600.         1178.94736842    0.         1600.
  421.05263158  168.42105263  673.68421053 1431.57894737 1178.94736842
  926.31578947]
[   0.          252.63157895  589.47368421 1094.73684211 1347.36842105
 1600.          842.10526316  421.05263158 1600.            0.
 1263.15789474    0.          589.47368421 1600.         1010.52631579
  168.42105263  757.89473684 1600.            0.         1178.94736842
  168.42105263 1600.         1263.15789474  505.26315789  168.42105263
 1600.            0.          926.31578947 1347.36842105  673.68421053
  252.63157895]
