[   0.          336.84210526  842.10526316 1094.73684211 1347.36842105
 1600.          589.47368421 1600.         1094.73684211    0.
  842.10526316  505.26315789    0.         1600.         1263.15789474
  252.63157895 1600.            0.         1347.36842105 1010.52631579
  505.26315789    0.          757.89473684 1600.         1010.52631579
  168.42105263  421.05263158 1600.         1263.15789474    0.
  757.89473684 1431.57894737 1010.52631579  421.05263158  168.42105263]
[   0.          252.63157895  505.26315789 1010.52631579 1263.15789474
 1600.          757.89473684 1600.         1010.52631579    0.
  252.63157895 1347.36842105    0.         1600.         1178.94736842
  252.63157895 1600.          673.68421053    0.          926.31578947
    0.         1600.         1178.94736842  336.84210526 1600.
  168.42105263  421.05263158 1347.36842105  673.68421053    0.
  252.63157895 1600.         1347.36842105 1094.73684211  842.10526316
  505.26315789]
[   0.          252.63157895  589.47368421  842.10526316 1094.73684211
 1347.36842105 1600.         1600.         1178.94736842  336.84210526
    0.          589.47368421    0.         1263.15789474 1600.
  757.89473684  252.63157895 1600.            0.         1347.36842105
  505.26315789    0.         1178.94736842  757.89473684  168.42105263
 1600.         1347.36842105  589.47368421 1600.          926.31578947
    0.         1431.57894737 1094.73684211  673.68421053  421.05263158
  168.42105263]
[   0.          252.63157895  505.26315789  757.89473684 1263.15789474
 1600.         1094.73684211 1600.         1347.36842105  842.10526316
    0.          505.26315789  252.63157895    0.         1431.57894737
  168.42105263 1600.         1094.73684211  757.89473684 1600.
    0.         1178.94736842  168.42105263  421.05263158 1347.36842105
 1600.            0.          252.63157895 1431.57894737  842.10526316
    0.          421.05263158 1094.73684211 1600.          673.68421053]
[   0.          252.63157895  505.26315789  757.89473684 1010.52631579
 1347.36842105 1600.         1178.94736842 1600.            0.
 1347.36842105 1010.52631579  168.42105263  421.05263158 1347.36842105
    0.         1600.         1094.73684211    0.          757.89473684
 1600.          168.42105263  589.47368421  421.05263158 1263.15789474
 1600.            0.          252.63157895  673.68421053 1431.57894737
 1010.52631579    0.         1600.         1263.15789474  757.89473684
  336.84210526]
