[ -0.54270589  -1.11349619  -1.5754061   -1.9934603   -2.41570362
  -2.84712554  -3.28768825  -3.73668368  -4.22354954  -4.54547435
  -4.79591434  -5.02401144  -5.24675352  -5.49098956  -5.7688489
  -6.11134314  -6.26905179  -6.34218948  -6.41400669  -6.50023647
  -6.62483245  -6.82170246  -7.25935053  -7.44658968  -7.51910604
  -7.54163588  -7.55746753  -7.56178734  -7.63259187  -7.84809007
  -7.85956772  -7.8899194   -7.89206433  -7.93375966  -8.06164702
  -8.11470401  -8.46754599  -8.59182373  -8.5949991   -8.65230263
  -8.99855289  -9.03426221  -9.06563317  -9.2260352   -9.26699278
  -9.45826327  -9.48566984  -9.59110628  -9.60791215  -9.71880539
  -9.76435433  -9.84375693  -9.8737607   -9.88716519  -9.89558215
 -10.00107635 -10.09577886 -10.12576959 -10.13347775 -10.32719813
 -10.58252495 -10.79668582 -11.03796024 -11.27122659 -11.28031284
 -11.39586799 -11.52819329 -11.62073461 -11.78786312 -11.88817738
 -11.96024722 -11.98293407 -11.98809816 -11.98993965 -12.08770417
 -12.09014964 -12.11268059 -12.20878455 -12.26611165 -12.29582624
 -12.32800617 -12.3413856  -12.37359206 -12.37576636 -12.37742647
 -12.42260637 -12.42618847 -12.47232949 -12.49759394 -12.51780577
 -12.52927969 -12.53172797 -12.53892733 -12.53968983 -12.6109002
 -12.62576724 -12.66492289 -12.66540891 -12.66546501 -12.67391513
 -12.67690859 -12.70854764 -12.7326367  -12.73628553 -12.73981661
 -12.75331771 -12.78313296 -12.81506626 -12.82751404 -12.82896599
 -12.83773864]
[ -0.54270589  -1.11923566  -1.58262328  -2.00874548  -2.4310373
  -2.86285979  -3.29649733  -3.74184268  -4.22624281  -4.5402104
  -4.79078629  -5.01555117  -5.24716996  -5.4964404   -5.78079929
  -6.13474457  -6.29440998  -6.38332203  -6.45461372  -6.53968036
  -6.65317406  -6.84620387  -7.27774799  -7.45796708  -7.51270526
  -7.52859391  -7.54844191  -7.59198828  -7.68628241  -7.94962191
  -8.00352763  -8.04322709  -8.0512573   -8.07889888  -8.19865954
  -8.29887162  -8.66622993  -8.7414824   -8.75078476  -8.78907369
  -8.84607827  -8.8516802   -9.04398598  -9.14441948  -9.34246124
  -9.37685444  -9.39291303  -9.46322253  -9.58021182  -9.65834896
  -9.67616988  -9.7189766   -9.82173627  -9.93234594  -9.96566768
  -9.97062608 -10.02036241 -10.35262492 -10.60698162 -10.64929918
 -10.88645372 -11.08465113 -11.18775171 -11.26901609 -11.30387092
 -11.37916203 -11.40979421 -11.4828164  -11.58986915 -11.59127039
 -11.60355882 -11.67394925 -11.68748598 -11.7914352  -11.79824953
 -11.82394976 -11.89842495 -11.90658681 -11.94410557 -11.9570124
 -11.98451157 -11.99478658 -12.02641156 -12.0584004  -12.14341371
 -12.17917944 -12.1827786  -12.19399673 -12.19704541 -12.2422486
 -12.28961879 -12.3141438  -12.44306269 -12.45900162 -12.47608443
 -12.48201199 -12.48431918 -12.48592586 -12.49949325 -12.51930608
 -12.61486527 -12.61584953 -12.62758618 -12.6390296  -12.71011284
 -12.71524767 -12.71579035 -12.71733306 -12.74095754 -12.74598188
 -12.75667931 -12.78600164 -12.78655574 -12.78823119 -12.80232618
 -12.80933762 -12.83844775 -12.87829267 -12.89923638 -12.90722412
 -12.90953529 -12.92075193 -12.92277035 -12.950776   -12.95362697]
[ -0.54270589  -1.12088315  -1.58495723  -2.00993373  -2.43595006
  -2.8676821   -3.30578071  -3.75223747  -4.23473473  -4.55581572
  -4.80782428  -5.03692772  -5.27081193  -5.52189595  -5.81234524
  -6.16869116  -6.33694065  -6.43013742  -6.50855355  -6.59482953
  -6.7191774   -6.90769824  -7.33174816  -7.51885068  -7.58990567
  -7.62245353  -7.64729081  -7.69835126  -7.79582916  -8.06276647
  -8.12306896  -8.13099166  -8.17207297  -8.21752214  -8.33782206
  -8.42857014  -8.73149174  -8.85955193  -8.87497372  -8.94314119
  -8.99428448  -9.02951049  -9.05921355  -9.21853634  -9.26787738
  -9.45840102  -9.47546136  -9.58276205  -9.60304334  -9.60791215
  -9.67845501  -9.79695998  -9.847899    -9.85613757  -9.96182123
 -10.05684884 -10.20816552 -10.3599787  -10.3919025  -10.67880381
 -10.71990114 -10.73784768 -10.96014093 -11.19108951 -11.30301893
 -11.47281913 -11.51365385 -11.57710093 -11.65709122 -11.75859233
 -11.86471393 -11.90809471 -11.91777703 -11.94540163 -12.03404769
 -12.04809893 -12.1149748  -12.1570264  -12.1663558  -12.16992179
 -12.22130281 -12.28587746 -12.28894782 -12.30593383 -12.38371902
 -12.39661165 -12.41739564 -12.42722171 -12.48119278 -12.48284573
 -12.48937104 -12.51859227 -12.5303369  -12.53506086 -12.63481267
 -12.64493505 -12.65624768 -12.66851476 -12.67563761 -12.68585386
 -12.69561804 -12.72201174 -12.7440523  -12.7540066  -12.77887441
 -12.78282464 -12.78314069 -12.78826131 -12.79172314]
[ -0.54270589  -1.11218475  -1.56105626  -1.96217628  -2.34308497
  -2.7598432   -3.18795078  -3.62917127  -4.10554615  -4.4072272
  -4.62972259  -4.80157643  -4.99638295  -5.22385063  -5.50326202
  -5.81592863  -5.93993634  -6.07763292  -6.21440531  -6.3996759
  -6.57223254  -6.94785916  -7.12581248  -7.16970459  -7.31132553
  -7.41034195  -7.78054344  -7.85317891  -7.89265659  -8.09448541
  -8.2233488   -8.42599784  -8.49352831  -8.6153911   -8.70860246
  -8.71943457  -9.04222406  -9.10562725  -9.29820687  -9.39401848
  -9.39741065  -9.56724816  -9.59151525  -9.78328845  -9.79792987
  -9.82130038 -10.13060727 -10.1388604  -10.21605047 -10.32663502
 -10.34493978 -10.3632466  -10.4263221  -10.45287083 -10.70520164
 -10.98737567 -11.06206059 -11.27875675 -11.31299911 -11.41639743
 -11.61502463 -11.74010058 -11.80870634 -11.85076034 -11.98819873
 -12.00523749 -12.02968093 -12.05339754 -12.06952229 -12.09598565
 -12.13086211 -12.13351495 -12.13919362 -12.20741553 -12.22576017
 -12.22814638 -12.27185219 -12.27435376 -12.30587932 -12.34038045
 -12.37211732 -12.40592164 -12.40660043 -12.42066155 -12.42231389
 -12.46195696 -12.47720073 -12.51502088 -12.51517906 -12.53424938
 -12.53510461 -12.54616746 -12.55492304 -12.6165503  -12.63166203
 -12.65239374 -12.65354475 -12.65705167]
[ -0.54270589  -1.08384224  -1.48582207  -1.88944008  -2.29658747
  -2.71729666  -3.15081131  -3.59616427  -4.08358304  -4.40329344
  -4.64773379  -4.86413423  -5.06124002  -5.23752291  -5.4873426
  -5.70770056  -5.81566337  -5.90930423  -6.03387802  -6.21602249
  -6.52806275  -6.69357211  -7.09001879  -7.27574925  -7.31641642
  -7.35229939  -7.3684987   -7.58565206  -7.96084896  -8.02255667
  -8.05369614  -8.11221953  -8.19871086  -8.37971615  -8.51079471
  -8.59042038  -8.59321369  -8.93106953  -9.000401    -9.20611017
  -9.30380421  -9.30428568  -9.46677942  -9.469505    -9.67599143
  -9.69130031 -10.04126691 -10.08598309 -10.18631429 -10.2001745
 -10.22621249 -10.33030597 -10.34609736 -10.37535871 -10.62033643
 -10.7023689  -10.8268981  -10.89605161 -11.02747801 -11.1239794
 -11.12864085 -11.37354506 -11.52271497 -11.67376097 -11.7399397
 -11.86523659 -11.91655942 -11.95963536 -12.07174947 -12.14873041
 -12.19303369 -12.24475979 -12.33678367 -12.37436707 -12.38706985
 -12.39806248 -12.39897282 -12.4081935  -12.42105478 -12.48122937
 -12.48387723 -12.49739096 -12.51768317 -12.52393386 -12.54550266
 -12.5771826  -12.60898372 -12.65758635 -12.68608321 -12.70813727
 -12.71082123 -12.72352553 -12.77044589]
