[   0.          336.84210526 1010.52631579 1263.15789474 1600.
  757.89473684 1600.         1347.36842105  589.47368421    0.
 1010.52631579  421.05263158    0.         1178.94736842  252.63157895
 1600.         1263.15789474    0.         1600.          673.68421053
    0.          926.31578947 1431.57894737  252.63157895  505.26315789
 1600.         1263.15789474    0.          252.63157895 1431.57894737
  842.10526316  589.47368421    0.         1094.73684211 1600.
  252.63157895]
[   0.          252.63157895  589.47368421  842.10526316 1094.73684211
 1347.36842105 1600.         1600.          336.84210526    0.
 1178.94736842  926.31578947    0.          505.26315789 1600.
 1347.36842105  757.89473684 1600.          252.63157895    0.
 1094.73684211  589.47368421    0.         1600.         1094.73684211
 1600.         1347.36842105  421.05263158  168.42105263 1178.94736842
  757.89473684    0.          252.63157895  505.26315789 1600.
 1347.36842105 1010.52631579]
[   0.          252.63157895  505.26315789  842.10526316 1094.73684211
 1347.36842105 1600.          673.68421053 1600.         1347.36842105
    0.          842.10526316  252.63157895    0.         1094.73684211
 1600.          421.05263158 1347.36842105 1600.            0.
  757.89473684  505.26315789    0.         1431.57894737 1010.52631579
  336.84210526 1600.         1263.15789474    0.          842.10526316
 1600.          168.42105263  421.05263158 1178.94736842 1431.57894737
  926.31578947  673.68421053    0.        ]
[   0.          252.63157895  505.26315789 1010.52631579 1347.36842105
 1600.          757.89473684 1600.         1178.94736842  336.84210526
    0.          505.26315789    0.          926.31578947 1600.
 1263.15789474  757.89473684 1600.            0.          252.63157895
 1347.36842105  505.26315789    0.         1178.94736842  842.10526316
  505.26315789 1600.         1347.36842105  168.42105263 1600.
  926.31578947  589.47368421  336.84210526    0.         1178.94736842
 1431.57894737  757.89473684  168.42105263]
[   0.          252.63157895  505.26315789  842.10526316 1094.73684211
 1347.36842105 1600.         1600.         1347.36842105  589.47368421
    0.          842.10526316  252.63157895    0.         1600.
 1094.73684211  336.84210526 1347.36842105 1600.            0.
 1178.94736842    0.          842.10526316 1431.57894737  252.63157895
 1600.         1347.36842105  673.68421053    0.          252.63157895
 1600.          926.31578947  505.26315789    0.         1178.94736842
 1431.57894737  757.89473684  336.84210526]
