[ -0.75952857  -1.52038876  -2.13221974  -2.66756269  -3.24400754
  -3.83281393  -4.43799698  -5.05690802  -5.72465463  -6.18617033
  -6.55227592  -6.86637069  -7.14046134  -7.45992571  -7.85071105
  -8.34631737  -8.62901088  -8.82817985  -9.04874603  -9.33981127
  -9.65472601  -9.88603626 -10.42581807 -10.70955338 -10.82778651
 -10.88452516 -11.14811989 -11.33273502 -11.8581591  -11.99328586
 -12.3633227  -12.55650309 -12.68136646 -12.97150132 -13.08571778
 -13.16558179 -13.26842344 -13.76610467 -13.92784515 -13.97936209
 -14.21091542 -14.37193739 -14.67749799 -14.74005009 -14.74466663
 -15.06850329 -15.17584005 -15.63001668 -15.7404874  -15.84351715
 -15.86769048 -15.9943542  -16.07631829 -16.08364254 -16.27353623
 -16.52364754 -16.63840537 -16.65012646 -16.93581493 -17.21124238
 -17.34512553 -17.46976798 -17.60537155 -17.71379075 -17.82083501
 -17.83477227 -17.87397686 -17.90173133 -17.93608792 -17.93664583
 -17.94782879 -17.95311475 -17.96208978 -17.97412981 -17.98722846
 -18.00709264 -18.01951838 -18.03289567 -18.06569157 -18.07007225
 -18.09625099 -18.11763224 -18.12107406]
[ -0.75952857  -1.55314895  -2.20680113  -2.80936374  -3.41075744
  -4.01474987  -4.62415392  -5.23165528  -5.86752945  -6.32468412
  -6.70073839  -7.04562166  -7.40492838  -7.78480622  -8.21173895
  -8.71689831  -8.99491626  -9.18048648  -9.34733806  -9.51277027
  -9.71378571  -9.97921248 -10.52845449 -10.78053825 -10.93695343
 -11.04324941 -11.14486922 -11.27838772 -11.46817728 -11.85091333
 -11.98031065 -12.0168412  -12.04853366 -12.39783895 -12.52208789
 -12.68140945 -13.18551873 -13.39022376 -13.44961463 -13.51483882
 -13.60442305 -13.80246847 -13.91193973 -14.22138134 -14.42723494
 -14.45931955 -14.70666649 -14.83178075 -14.95985445 -15.02545534
 -15.08499705 -15.126639   -15.22358291 -15.34679269 -15.47656255
 -15.58954205 -15.90837715 -16.1983286  -16.33884309 -16.490118
 -16.72492864 -16.81549025 -16.93917568 -17.03755818 -17.13663324
 -17.201241   -17.38302155 -17.40790371 -17.45970052 -17.48955609
 -17.54863014 -17.64014839 -17.69353141 -17.71681799 -17.71748314
 -17.79904872 -17.84000796 -17.92032953 -17.94665508 -17.96264727
 -18.01562796 -18.01764794 -18.0624418  -18.08588733 -18.09767419
 -18.10125714 -18.1738332  -18.19374804]
[ -0.75952857  -1.5415426   -2.19197427  -2.78619055  -3.38605077
  -3.99449934  -4.61226832  -5.23942021  -5.9096449   -6.38009652
  -6.76161778  -7.11691518  -7.46341759  -7.82707383  -8.23568817
  -8.72118659  -8.97936152  -9.14482505  -9.30569794  -9.48244743
  -9.7100487  -10.02346536 -10.62759134 -10.9276017  -11.09118124
 -11.18685867 -11.27065568 -11.35180525 -11.50299833 -11.72827133
 -11.8381858  -11.93418609 -12.07116279 -12.30672838 -12.83073552
 -13.11032372 -13.21525861 -13.23949465 -13.25279369 -13.29008902
 -13.53865339 -14.04683537 -14.2818339  -14.47456474 -14.52875718
 -14.5625289  -14.62282822 -14.87949877 -15.17687962 -15.26254473
 -15.3566948  -15.38030896 -15.5075441  -15.53866437 -15.65307465
 -15.91259121 -16.17177443 -16.32604035 -16.46248418 -16.50522909
 -16.56898371 -16.72340773 -16.97141963 -17.13508699 -17.15414043
 -17.19267297 -17.33531605 -17.34056653 -17.37069219 -17.38446141
 -17.50439815 -17.59999763 -17.61638564 -17.62166252 -17.62753798
 -17.73758511 -17.81983834 -17.83964943 -17.89530323 -17.91566187
 -17.91849178 -18.04069074 -18.07554737 -18.09885545 -18.14194582
 -18.15525118 -18.1842702  -18.18805853 -18.24152974 -18.31487963
 -18.32753537 -18.33280554 -18.34977621 -18.40677742 -18.43013988
 -18.45155568 -18.45988014 -18.46381463 -18.51200241 -18.51342865
 -18.52498936 -18.5327716  -18.55628147 -18.59680848 -18.59810037
 -18.59878379 -18.61591234 -18.64352642 -18.65315914 -18.6645176
 -18.69054697]
[ -0.75952857  -1.54590662  -2.18681039  -2.78570066  -3.36506489
  -3.96758271  -4.58028378  -5.20385483  -5.86950922  -6.33201298
  -6.70408133  -7.03780053  -7.37677316  -7.73798889  -8.13914049
  -8.6313551   -8.87300193  -9.01097448  -9.15036438  -9.30768737
  -9.52078948  -9.82545224 -10.4257523  -10.72122972 -10.87384919
 -10.94246053 -11.14103165 -11.37850343 -11.79027891 -11.97058136
 -12.12597713 -12.23869708 -12.37754218 -12.60337082 -12.80522138
 -13.31709606 -13.56975722 -13.64625374 -13.69863106 -13.83329188
 -14.34699803 -14.48381817 -14.54707663 -14.57403209 -14.78692508
 -14.96077247 -15.25369406 -15.33650573 -15.48973803 -15.58640068
 -15.71590344 -15.73853694 -15.7686994  -15.78890741 -15.90310704
 -15.93915329 -15.94260383 -15.94293319 -16.18048007 -16.45093358
 -16.71927499 -16.75222483 -16.8613592  -17.00715069 -17.1455896
 -17.28834853 -17.36280172 -17.46441063 -17.52079717 -17.55776741
 -17.58466945 -17.67617022 -17.81501162 -17.81580231 -17.84831571
 -17.85273439 -17.85681819 -17.86431731 -17.89959977 -17.91595432
 -17.92787827 -17.9663194  -17.98005218 -18.02950658 -18.04330514
 -18.05637079 -18.06044292 -18.06229978 -18.13133415 -18.13713557
 -18.22412978 -18.22956485]
[ -0.75952857  -1.53340506  -2.17163993  -2.76293852  -3.3612198
  -3.96689026  -4.58175831  -5.20688303  -5.87682513  -6.34622853
  -6.72276378  -7.0691288   -7.41328826  -7.7394055   -8.13697255
  -8.60236558  -8.81936891  -8.9795399   -9.12828174  -9.29671751
  -9.52154188  -9.83448214 -10.43839882 -10.74110379 -10.91079529
 -11.01415451 -11.08982578 -11.3402171  -11.76095545 -11.93333166
 -12.02605838 -12.15180217 -12.38297149 -12.60698764 -12.74184785
 -13.23541868 -13.47452499 -13.54074045 -13.58933101 -13.8125143
 -13.95626857 -14.45260414 -14.52743324 -14.53364633 -14.86191423
 -15.02081884 -15.3117581  -15.37041795 -15.38601806 -15.48123528
 -15.54700709 -15.58216657 -15.69654351 -15.73582946 -15.74213143
 -15.86306124 -15.89523209 -16.04980196 -16.32031654 -16.37531685
 -16.651244   -16.66505942 -16.90756647 -17.03133167 -17.24657952
 -17.39381028 -17.49149785 -17.61457991 -17.63889155 -17.65319017
 -17.73910542 -17.76648829 -17.81668303 -17.86447942 -17.88757089
 -17.89275276 -17.94914653 -17.95952558 -17.98841268 -18.00587501
 -18.02856931 -18.03308663 -18.0460913  -18.04654316 -18.06198865
 -18.07067385 -18.07533389 -18.12508148 -18.13214299 -18.17396248
 -18.17487231 -18.18543087 -18.24961985 -18.31926639 -18.33526982
 -18.34063166 -18.35873272 -18.36432028 -18.36543735 -18.3861209
 -18.40118756 -18.40766003]
