[   0.          252.63157895  589.47368421  842.10526316 1094.73684211
 1347.36842105 1600.         1600.         1347.36842105 1094.73684211
  336.84210526    0.          757.89473684    0.         1600.
 1347.36842105  505.26315789  757.89473684 1600.          252.63157895
    0.         1010.52631579 1347.36842105    0.          505.26315789
 1600.         1347.36842105  252.63157895  757.89473684 1600.
 1010.52631579    0.         1347.36842105    0.          252.63157895
  505.26315789 1094.73684211 1600.         1347.36842105  757.89473684]
[   0.          252.63157895  505.26315789  842.10526316 1094.73684211
 1347.36842105 1600.          673.68421053 1600.         1178.94736842
  252.63157895    0.          926.31578947  505.26315789    0.
 1263.15789474 1600.          757.89473684  252.63157895 1600.
 1347.36842105    0.         1178.94736842  505.26315789  168.42105263
 1431.57894737 1010.52631579    0.          757.89473684 1600.
 1347.36842105  336.84210526  589.47368421 1600.          168.42105263
  421.05263158  926.31578947 1178.94736842 1431.57894737  673.68421053
    0.        ]
[   0.          336.84210526  589.47368421  842.10526316 1094.73684211
 1347.36842105 1600.         1600.         1347.36842105  421.05263158
  168.42105263 1094.73684211  589.47368421    0.          252.63157895
 1431.57894737  842.10526316    0.          421.05263158 1600.
 1094.73684211  673.68421053 1600.          168.42105263 1178.94736842
 1431.57894737  757.89473684    0.          336.84210526 1600.
 1263.15789474    0.          842.10526316 1431.57894737  421.05263158
  168.42105263  673.68421053 1600.         1263.15789474  926.31578947]
[   0.          252.63157895  589.47368421  842.10526316 1094.73684211
 1347.36842105 1600.         1600.         1094.73684211  421.05263158
    0.          673.68421053 1347.36842105  252.63157895    0.
 1600.         1094.73684211  842.10526316 1600.          336.84210526
    0.         1347.36842105  589.47368421    0.          336.84210526
 1600.         1094.73684211  757.89473684 1600.         1347.36842105
  421.05263158    0.          926.31578947    0.          252.63157895
  505.26315789 1094.73684211 1347.36842105 1600.          757.89473684]
[   0.          252.63157895  505.26315789  842.10526316 1094.73684211
 1347.36842105 1600.         1600.         1347.36842105  673.68421053
  336.84210526    0.         1094.73684211  842.10526316    0.
  421.05263158 1600.         1347.36842105  842.10526316 1600.
  252.63157895    0.         1010.52631579 1347.36842105    0.
  505.26315789 1600.         1178.94736842  757.89473684 1600.
 1010.52631579  252.63157895    0.          505.26315789    0.
  252.63157895 1094.73684211 1347.36842105 1600.          757.89473684]
