[ -0.97635124  -1.98466083  -2.82749474  -3.61085953  -4.36538189
  -5.1310797   -5.90190555  -6.67581421  -7.48680414  -8.00516306
  -8.483267    -8.9544197   -9.43491713  -9.9415527  -10.50399662
 -11.14119528 -11.50220423 -11.75488183 -11.98608957 -12.23835717
 -12.67026738 -13.45153696 -13.84351513 -14.09178935 -14.30713145
 -14.5407781  -14.8361276  -15.19533405 -15.73029549 -15.97387282
 -16.11890733 -16.24215216 -16.370798   -16.82365632 -17.07909177
 -17.79951132 -18.09636423 -18.24399149 -18.38069333 -18.53971101
 -18.75970467 -19.05601812 -19.55561996 -19.75731557 -19.85213051
 -19.92680633 -20.01005781 -20.42897923 -20.64818268 -20.78892822
 -20.94400365 -21.07490301 -21.23803396 -21.32118155 -21.49316073
 -21.60341803 -21.7356775  -21.7749912  -21.8244479  -22.05521972
 -22.16597149 -22.32687004 -22.49262136 -22.51430758 -22.55150727
 -22.63366459 -22.90660068 -23.00773165 -23.15650599 -23.20185413
 -23.31136576 -23.41831299 -23.45640034 -23.47423275 -23.55071182
 -23.55740747 -23.58920421 -23.62718763 -23.64544612 -23.65268333
 -23.67887337 -23.7090239  -23.73674893 -23.75023766 -23.83967964
 -23.88044344 -23.9070593  -23.91757829 -23.98283423 -24.04294219]
[ -0.97635124  -1.98073457  -2.80803537  -3.59051171  -4.37159021
  -5.16008101  -5.95637087  -6.76221539  -7.61777372  -8.24030204
  -8.75737555  -9.24343347  -9.72729352 -10.21263366 -10.76769024
 -11.39832607 -11.74988408 -12.0221859  -12.28059536 -12.55654671
 -12.89061003 -13.32329673 -14.09381909 -14.51370596 -14.77460221
 -14.96125485 -15.13213838 -15.33999703 -15.57956709 -15.99343836
 -16.19831066 -16.33940572 -16.50182225 -16.72459363 -17.0660966
 -17.73887769 -18.12201758 -18.29740336 -18.36035257 -18.39276682
 -18.46776488 -19.12901255 -19.4818924  -19.78961711 -19.91888627
 -20.02483898 -20.1676331  -20.53513499 -20.97072066 -21.08168654
 -21.13291676 -21.26636454 -21.36980288 -21.50931241 -21.53633108
 -21.56114206 -21.80495996 -22.05286343 -22.20397477 -22.37802936
 -22.55482366 -22.55632592 -22.7180874  -22.83471525 -22.89567489
 -23.13152104 -23.22364969 -23.22483091 -23.24665075 -23.24671487
 -23.26121278 -23.32568809 -23.44626236 -23.46376396 -23.47807798
 -23.47940131 -23.49221979 -23.50545931 -23.51115229 -23.54207807
 -23.57105039 -23.57261191 -23.61789668 -23.64148564 -23.65741423
 -23.65749434 -23.68556365 -23.69141724 -23.70445721 -23.76743325
 -23.80235984 -23.80462025 -23.85719385 -23.87801317 -23.88578334
 -23.89109561 -23.93978785 -23.94356059 -23.94575222 -24.00716087
 -24.03641776 -24.04168472 -24.08300806 -24.0847791  -24.10185787
 -24.12682944]
[ -0.97635124  -1.95687624  -2.72465641  -3.42487085  -4.15322263
  -4.90829343  -5.68989058  -6.48995974  -7.32378485  -7.91485876
  -8.39645491  -8.82591412  -9.38503961  -9.89992037 -10.54323815
 -11.06481408 -11.46271747 -11.79999242 -12.19748654 -12.61890701
 -13.15479146 -13.44023317 -14.10226235 -14.47222159 -14.67981367
 -14.98840433 -15.24479731 -15.9178844  -16.14169825 -16.48445904
 -16.77038278 -17.07043766 -17.49102109 -17.66066175 -18.10306385
 -18.39621815 -18.56962025 -19.1819703  -19.42418635 -19.54358768
 -19.9860095  -20.12166755 -20.4944714  -20.62559296 -20.75564618
 -21.05589302 -21.14143681 -21.75499876 -21.90233792 -21.93769669
 -22.03859646 -22.20589591 -22.34655965 -22.52965758 -22.64187722
 -22.71694111 -22.75490386 -22.84435871 -22.96216991 -23.0392218
 -23.2002205  -23.25966715 -23.2924782  -23.371675   -23.43002419
 -23.43413694 -23.4450475  -23.45755137 -23.46641624 -23.47442836
 -23.47840761 -23.50947006 -23.55662736 -23.57381201 -23.58772452
 -23.59832713 -23.62711192 -23.62991354]
[ -0.97635124  -1.81394646  -2.59717795  -3.37446704  -4.15790113
  -4.9500512   -5.75130089  -6.60471151  -7.22763508  -7.74799448
  -8.237943    -8.72968122  -9.24146398  -9.80601199 -10.46286138
 -10.8565095  -11.14655179 -11.41730178 -11.70489588 -12.04744558
 -12.48715641 -13.26475185 -13.69542492 -13.97284221 -14.18174998
 -14.3787151  -14.60989438 -14.90536432 -15.4387072  -15.6836907
 -15.82335854 -15.93306166 -16.07371101 -16.28857852 -16.64408639
 -17.37528744 -17.7379804  -17.93648234 -18.05919062 -18.17118222
 -18.32007832 -18.53894407 -19.03468053 -19.23475191 -19.32885923
 -19.39449644 -19.49176308 -19.66595029 -19.99115403 -20.14061748
 -20.25062233 -20.41423994 -20.55368189 -20.62492216 -20.75718865
 -20.89707021 -20.9493294  -21.00773063 -21.03316854 -21.15065425
 -21.19922974 -21.52685918 -21.67126913 -21.8017289  -21.93996769
 -22.00290017 -22.12220677 -22.22253373 -22.29565081 -22.4107818
 -22.52325342 -22.62580741 -22.65779117 -22.74622432 -22.79238171
 -22.92863009 -22.98408072 -23.12688959 -23.15337157 -23.18280758
 -23.19656124 -23.23221184 -23.28495395 -23.29592194 -23.30734451
 -23.35334654 -23.37784099 -23.49172083 -23.53625319 -23.55052027
 -23.60835611 -23.64960938 -23.6708052  -23.6858435  -23.72611083
 -23.76490847 -23.81993105 -23.82333814 -23.85410341 -23.85599454
 -23.86469217 -23.8812594  -23.95417194 -23.95548816]
[ -0.97635124  -1.96738164  -2.7656897   -3.45172964  -4.16785717
  -4.90851929  -5.67866024  -6.47222667  -7.2974309   -7.87614697
  -8.33985729  -8.72968122  -9.24146398  -9.80601199 -10.46286138
 -10.8565095  -11.14655179 -11.41730178 -11.70489588 -12.04744558
 -12.48715641 -13.26475185 -13.69542492 -13.97284221 -14.18174998
 -14.3787151  -14.60989438 -14.90536432 -15.4387072  -15.6836907
 -15.82335854 -15.93306166 -16.07371101 -16.28857852 -16.64408639
 -17.37528744 -17.7379804  -17.93648234 -18.05919062 -18.17118222
 -18.32007832 -18.53894407 -19.03468053 -19.23475191 -19.32885923
 -19.39449644 -19.49176308 -19.66595029 -19.99115403 -20.1011152
 -20.24037519 -20.39650084 -20.52861753 -20.65673081 -20.80634719
 -20.8717134  -21.03120701 -21.07191344 -21.39968352 -21.70109275
 -21.79212577 -21.9308918  -22.07817318 -22.09192191 -22.19319586
 -22.24177803 -22.38045462 -22.48494273 -22.5937986  -22.61325151
 -22.66201104 -22.81672558 -22.85079621 -22.99403424 -23.06713154
 -23.08807876 -23.15516313 -23.18058861 -23.26358004 -23.37851078
 -23.38476119 -23.39946803 -23.4575055  -23.49994451 -23.52355115
 -23.52787689 -23.53764663 -23.54475485 -23.55514015 -23.56180296
 -23.56646859 -23.57131315 -23.62262323 -23.62351543 -23.64078342
 -23.69760804 -23.7110622  -23.72620326 -23.73381165 -23.78031951
 -23.83981328 -23.85640467 -23.87803565 -23.88283286 -23.89336201
 -23.90113275]
