[ -1.19317392  -2.40407065  -3.41294197  -4.35658229  -5.27762012
  -6.20581507  -7.16111455  -7.93355742  -8.58218803  -9.16138993
  -9.74831617 -10.41962171 -11.21979075 -11.85523454 -12.6817684
 -13.24583406 -13.70066535 -14.1229077  -14.9989632  -15.53407558
 -15.923967   -16.84119304 -17.34171846 -17.64803647 -17.89735378
 -18.17212751 -18.52922451 -19.18755687 -19.48518484 -20.11192847
 -20.41111522 -20.58734781 -20.69113144 -21.47563882 -21.82880525
 -22.15845021 -22.67972461 -22.94690819 -23.16563058 -23.40794585
 -23.73000816 -24.47468637 -24.69556329 -25.24970474 -25.67783437
 -25.87731823 -26.19923887 -26.40695848 -26.50729885 -26.68741348
 -26.74554077 -26.895764   -27.06928004 -27.17205533 -27.39759884
 -27.43309753 -27.56259921 -27.65573496 -27.72611125 -27.94680657
 -28.09665906 -28.17177707 -28.24120737 -28.25190247 -28.32994365
 -28.34210928 -28.42111    -28.46111773 -28.47459323 -28.48566648
 -28.53769154 -28.5822721  -28.60228282 -28.61810402 -28.63734026
 -28.64219999 -28.73463974 -28.73833479 -28.74164788 -28.76572218
 -28.82507457 -28.84894341 -28.88270989 -28.89076892 -28.93572189
 -28.93588866 -28.96380295 -28.97420271]
[ -1.19317392  -2.41698271  -3.44322377  -4.41034919  -5.36033856
  -6.31962423  -7.26892285  -8.24263142  -9.27252209 -10.01253234
 -10.65332213 -11.25370003 -11.8618553  -12.49475372 -13.19463586
 -13.99810761 -14.49549523 -14.86735625 -15.20744292 -15.54557663
 -15.93660063 -16.46124053 -17.35638522 -17.82633413 -18.07271337
 -18.30233216 -18.55416601 -18.85502877 -19.23598421 -19.85990761
 -20.13828986 -20.28613463 -20.33960602 -20.64085005 -21.10282186
 -21.9941531  -22.46432789 -22.74685133 -22.94274883 -23.12639396
 -23.35221043 -23.65798502 -24.28017379 -24.56444781 -24.72760594
 -24.85821038 -25.02494401 -25.27956582 -25.70675461 -25.86623757
 -25.97393039 -26.12843433 -26.2887758  -26.46741379 -26.64046618
 -26.6579725  -26.71824908 -26.89282682 -26.96498717 -27.1876867
 -27.37123174 -27.53984535 -27.64463169 -27.71787779 -27.76608391
 -27.79169718 -27.9041082  -27.99575563 -28.01747852 -28.11901839
 -28.31651315 -28.37020131 -28.40669784 -28.47110172 -28.48947099
 -28.52034832 -28.63174697 -28.65611089 -28.74771802 -28.79349891
 -28.80845001 -28.82313993 -28.86017009 -28.928058   -28.96978132
 -28.97180684 -29.02056686 -29.03242058 -29.03855306 -29.04441135
 -29.05584787 -29.06869542 -29.09856396 -29.1081339  -29.14544257
 -29.14981796 -29.15671627 -29.16947892 -29.1833618  -29.18575824
 -29.19302416 -29.22999018 -29.24353804 -29.24365605 -29.32386391
 -29.32740221 -29.33128245 -29.33477863]
[ -1.19317392  -2.39576247  -3.40366569  -4.36466033  -5.29730961
  -6.26275829  -7.18765756  -8.16023097  -8.9791998   -9.69233857
 -10.36211212 -11.04348619 -11.77390581 -12.37519265 -13.19425679
 -13.87709877 -14.34720024 -14.75579583 -15.4272204  -15.89611475
 -16.57386193 -17.06417316 -17.92181747 -18.24761009 -18.52131491
 -19.01209072 -19.4378176  -19.7732172  -20.063763   -20.72160198
 -21.02666997 -21.16335942 -21.73597179 -22.09165212 -22.25291263
 -22.72327484 -22.90213312 -23.69621736 -23.89838102 -24.48586554
 -24.75231744 -24.96892659 -25.49525131 -25.6513026  -25.87523156
 -26.68328718 -27.07480588 -27.29015089 -27.52327927 -27.80370109
 -27.97715604 -28.16435035 -28.24427487 -28.29214546 -28.32161497
 -28.40376553 -28.50987931 -28.62875342 -28.69223307 -28.91608649
 -29.09570547 -29.15160775 -29.2958167  -29.30384672 -29.3335415
 -29.37084019 -29.45817729 -29.46784219 -29.47809668 -29.53890313
 -29.5939788  -29.65661474 -29.66957771 -29.74964214 -29.80440782
 -29.85920521 -29.92625932 -29.99029765 -30.0315079  -30.03357774
 -30.05495243 -30.09526622 -30.09552865 -30.100962   -30.12338618
 -30.12415925 -30.13885358 -30.17870851 -30.18759028 -30.19304988
 -30.19627128 -30.20291059]
[ -1.19317392  -2.40919706  -3.44379346  -4.4014031   -5.35929821
  -6.32586245  -7.30143582  -8.28528589  -9.3249135  -10.09622078
 -10.74913817 -11.36269327 -11.96446717 -12.59781872 -13.28255534
 -14.06869614 -14.55756876 -14.90991716 -15.25934256 -15.63141835
 -16.064804   -16.6138183  -17.54806713 -18.08165079 -18.43166649
 -18.70169174 -18.96098727 -19.20185069 -19.54907594 -20.12779676
 -20.38006986 -20.54347364 -20.67796019 -20.86849816 -21.15532496
 -21.61038449 -22.47951687 -22.91808869 -23.16772497 -23.31700137
 -23.43145103 -23.87455484 -24.41178372 -24.73858552 -24.94666306
 -25.19459975 -25.6004335  -26.03181768 -26.21103268 -26.38611536
 -26.42734051 -26.49699046 -26.61840083 -26.69207517 -26.84739453
 -27.03535988 -27.20163803 -27.24992946 -27.43906527 -27.68155586
 -27.95880459 -28.1894184  -28.2320057  -28.24296317 -28.31373583
 -28.36943361 -28.38865424 -28.4647376  -28.51382888 -28.52835679
 -28.59071092 -28.66413625 -28.67781905 -28.71078195 -28.74117839
 -28.75659079 -28.8262751  -28.9202708  -29.00302296 -29.01956693
 -29.03312512 -29.08144186 -29.08699523 -29.12338698 -29.13404502
 -29.17891663]
[ -1.19317392  -2.41871087  -3.45379831  -4.4212592   -5.37288412
  -6.317847    -7.25196863  -8.16481182  -9.10743015  -9.81929529
 -10.44036476 -11.04648578 -11.65932177 -12.29948191 -13.00027316
 -13.79244755 -14.26919951 -14.62571333 -14.9468929  -15.29060094
 -15.8754516  -16.76106747 -17.14921992 -17.43808197 -17.68716214
 -17.98719787 -18.44591349 -18.82577851 -19.4840496  -19.9937887
 -20.29258915 -20.5045974  -21.0735974  -21.42673241 -22.00346205
 -22.35699416 -23.16798555 -23.41163569 -23.5945596  -24.01064615
 -24.36450033 -24.66111413 -24.88267031 -25.49383534 -25.74656712
 -25.82996118 -26.36873442 -26.69282146 -26.81740946 -26.95036529
 -27.15082196 -27.20549207 -27.41141952 -27.57502953 -27.84382406
 -27.86746579 -28.0845958  -28.10715064 -28.34461954 -28.44109074
 -28.54687564 -28.65285074 -28.76045002 -28.83614076 -28.95923302
 -29.01723112 -29.0862257  -29.09930227 -29.10375288 -29.11546603
 -29.20976019 -29.3072903  -29.33984659 -29.36634261 -29.41207176
 -29.49542073]
