[   0.          252.63157895  505.26315789  842.10526316 1094.73684211
 1600.          673.68421053 1263.15789474  926.31578947  252.63157895
    0.         1431.57894737 1178.94736842    0.          421.05263158
  757.89473684 1600.         1010.52631579  252.63157895 1600.
 1178.94736842    0.         1431.57894737  673.68421053    0.
  336.84210526 1600.         1263.15789474  757.89473684 1431.57894737
  421.05263158  168.42105263 1094.73684211 1600.            0.
  252.63157895  505.26315789  757.89473684 1347.36842105 1010.52631579]
[   0.          252.63157895  505.26315789 1094.73684211 1347.36842105
 1600.          757.89473684 1600.         1347.36842105 1094.73684211
  589.47368421  336.84210526    0.          842.10526316    0.
 1178.94736842 1600.          421.05263158 1347.36842105 1600.
 1010.52631579  252.63157895    0.          505.26315789 1347.36842105
    0.          757.89473684 1600.         1010.52631579 1600.
 1263.15789474  505.26315789  252.63157895    0.            0.
  252.63157895  505.26315789  757.89473684 1010.52631579 1347.36842105
 1600.        ]
[   0.          336.84210526  673.68421053  926.31578947 1347.36842105
 1600.         1178.94736842 1600.          926.31578947  168.42105263
  421.05263158 1347.36842105  673.68421053    0.          252.63157895
 1600.         1347.36842105  926.31578947    0.          505.26315789
 1600.          252.63157895 1094.73684211    0.          589.47368421
 1600.         1347.36842105  168.42105263  842.10526316 1600.
  421.05263158    0.         1178.94736842 1431.57894737  673.68421053
  252.63157895 1600.         1263.15789474  926.31578947  505.26315789
    0.        ]
[   0.          252.63157895  589.47368421  842.10526316 1094.73684211
 1347.36842105 1600.         1600.         1347.36842105  926.31578947
  336.84210526    0.          757.89473684    0.         1347.36842105
 1600.         1094.73684211  252.63157895  505.26315789 1600.
  926.31578947    0.          505.26315789    0.          252.63157895
  757.89473684 1263.15789474 1600.         1094.73684211 1600.
 1347.36842105  589.47368421  168.42105263  421.05263158    0.
  673.68421053  926.31578947 1178.94736842 1600.          168.42105263]
[   0.          252.63157895  589.47368421  842.10526316 1094.73684211
 1347.36842105 1600.         1600.         1347.36842105  842.10526316
  421.05263158    0.          673.68421053    0.          252.63157895
 1010.52631579 1431.57894737 1178.94736842 1600.          168.42105263
  421.05263158 1347.36842105    0.          252.63157895  673.68421053
 1600.         1347.36842105    0.          842.10526316 1600.
  505.26315789  168.42105263 1094.73684211 1347.36842105  842.10526316
    0.          336.84210526  589.47368421 1600.         1347.36842105
 1010.52631579]
