[   0.          252.63157895  505.26315789  842.10526316 1094.73684211
 1347.36842105 1600.         1600.         1347.36842105  926.31578947
  673.68421053  336.84210526    0.         1094.73684211  168.42105263
  421.05263158 1347.36842105    0.         1600.         1347.36842105
  589.47368421  252.63157895    0.         1094.73684211 1600.
  168.42105263  926.31578947 1431.57894737  673.68421053    0.
  336.84210526 1600.         1263.15789474  168.42105263  505.26315789
 1431.57894737    0.          336.84210526  673.68421053  926.31578947
 1178.94736842 1600.        ]
[   0.          252.63157895  505.26315789  842.10526316 1094.73684211
 1347.36842105 1600.         1600.         1347.36842105 1094.73684211
  589.47368421  252.63157895    0.          842.10526316    0.
  252.63157895 1347.36842105 1600.         1094.73684211  505.26315789
  757.89473684 1600.          168.42105263 1178.94736842    0.
  505.26315789 1347.36842105 1600.          757.89473684  252.63157895
    0.         1600.         1347.36842105  168.42105263  842.10526316
 1094.73684211  589.47368421    0.          336.84210526 1347.36842105
 1600.         1094.73684211  842.10526316]
[   0.          252.63157895  505.26315789 1094.73684211 1347.36842105
 1600.          842.10526316 1600.         1347.36842105 1094.73684211
  589.47368421  252.63157895    0.          842.10526316  421.05263158
    0.         1600.         1347.36842105  252.63157895 1600.
 1178.94736842  589.47368421    0.         1347.36842105  757.89473684
    0.          252.63157895 1010.52631579 1600.          757.89473684
 1600.         1347.36842105 1094.73684211  505.26315789  252.63157895
    0.            0.          252.63157895  505.26315789 1094.73684211
 1347.36842105 1600.          757.89473684]
[   0.          252.63157895  505.26315789 1094.73684211 1347.36842105
 1600.          757.89473684 1600.         1178.94736842  589.47368421
  252.63157895    0.          842.10526316    0.          252.63157895
 1347.36842105 1600.         1010.52631579  673.68421053 1600.
 1347.36842105  336.84210526    0.         1094.73684211  757.89473684
    0.          421.05263158 1600.         1094.73684211 1600.
 1263.15789474  926.31578947  505.26315789  252.63157895    0.
  252.63157895  673.68421053 1010.52631579 1347.36842105 1600.
    0.        ]
[   0.          252.63157895  505.26315789  842.10526316 1094.73684211
 1347.36842105 1600.         1600.         1178.94736842  842.10526316
  589.47368421  252.63157895    0.            0.          252.63157895
 1010.52631579 1263.15789474 1600.          589.47368421 1600.
 1263.15789474    0.          757.89473684  336.84210526    0.
 1263.15789474 1600.          842.10526316 1600.         1347.36842105
 1094.73684211  673.68421053  421.05263158  168.42105263  926.31578947
    0.          252.63157895  505.26315789 1178.94736842 1600.
  757.89473684]
