[ -1.4099966   -2.78772023  -3.90533799  -5.01681429  -6.12608733
  -7.25174943  -8.39297318  -9.54855169 -10.77342845 -11.69054394
 -12.46682113 -13.18780825 -13.86978076 -14.5105218  -15.28041283
 -15.99459049 -16.50430861 -16.98663292 -17.52355624 -18.16356049
 -19.03727571 -19.64722228 -20.67284221 -21.31915839 -21.70434534
 -21.95815113 -22.20140757 -22.9198978  -23.91341339 -24.36310949
 -24.91540634 -25.31751531 -25.61970935 -25.97007103 -26.58504566
 -27.33423139 -27.66337093 -28.64778593 -29.11027553 -29.35963891
 -29.55394607 -30.10587293 -30.35232444 -30.95690458 -31.66618744
 -32.00929306 -32.23771844 -32.4118114  -32.57390888 -33.40156481
 -33.59344327 -33.74651362 -33.98037148 -34.17890828 -34.27168375
 -34.34351818 -34.37525567 -34.38211278 -34.45866088 -34.5572054
 -34.57079459 -34.61350457 -34.74710054 -34.83173893 -34.94763
 -34.95536938 -35.02130042 -35.12182993 -35.12535521 -35.13883339
 -35.15709551 -35.17051323 -35.20713983 -35.20721213 -35.26976154
 -35.27857674]
[ -1.4099966   -2.84704213  -4.06066401  -5.19690059  -6.29853934
  -7.38469478  -8.51133957  -9.65662342 -10.84998264 -11.73264132
 -12.41885573 -13.111516   -13.80974699 -14.56895552 -15.40135644
 -16.32606938 -16.91612343 -17.37313566 -17.76480107 -18.2419017
 -18.79598261 -19.55680961 -20.53417802 -21.08963157 -21.47657082
 -21.8234891  -22.20540664 -22.65108278 -23.05173866 -23.81784037
 -24.4253545  -24.77866871 -25.28308447 -25.82987816 -26.12736546
 -26.8255538  -27.22079723 -28.20632612 -28.68540072 -28.99470151
 -29.52509097 -29.84744619 -30.04928667 -30.32935573 -31.06160665
 -31.34491463 -31.81343261 -32.35456001 -32.64391074 -32.76196334
 -32.95516634 -33.15261093 -33.28021088 -33.48523986 -33.54424293
 -33.66356851 -33.81893918 -34.11255838 -34.27240354 -34.42468025
 -34.55844459 -34.57340113 -34.6579302  -34.68211219 -34.78381236
 -34.81075788 -34.86771609 -34.96506154 -34.97066318 -35.02423696
 -35.05272025 -35.07876253 -35.09160927 -35.14578153 -35.17603035
 -35.20305316 -35.28372405 -35.32111329 -35.32575267 -35.36445526
 -35.36713806 -35.36764146 -35.37356411 -35.3991494  -35.41446233]
[ -1.4099966   -2.85176018  -4.07830695  -5.22621109  -6.34465762
  -7.47397228  -8.60016401  -9.70647229 -10.86696627 -11.74057178
 -12.50154483 -13.23225303 -13.97405401 -14.7448681  -15.58397912
 -16.52787207 -17.13392217 -17.60896177 -18.05007911 -18.50364323
 -18.96873657 -19.540463   -20.43369217 -20.9018006  -21.28181989
 -21.64647862 -22.05512098 -22.54641648 -23.34354209 -23.76991311
 -24.06087123 -24.31329592 -24.60550102 -24.99312159 -25.56155733
 -26.61301875 -27.19067538 -27.55722032 -27.82630705 -28.08160571
 -28.38434254 -28.77702597 -29.52566705 -29.89414371 -30.12635265
 -30.32192431 -30.55812493 -30.89318135 -31.42235519 -31.60177352
 -31.76905245 -31.82832813 -32.02083484 -32.1126626  -32.32356948
 -32.39570245 -32.42855509 -32.47847908 -32.52577026 -32.56689307
 -32.75209789 -32.89459957 -33.06695713 -33.21267565 -33.47498265
 -33.63554989 -33.74166209 -33.86428485 -33.93080812 -33.96971595
 -33.9944417  -34.0766509  -34.07877647 -34.12711505 -34.13337487
 -34.13810635 -34.25769013 -34.33095311 -34.43069454 -34.53339696
 -34.60835452 -34.60921929 -34.67034039 -34.68271915 -34.77388756
 -34.8231895  -34.84403395 -34.8557605  -34.85925275 -34.86986864
 -34.87582894 -34.88208651 -34.89008573 -34.91797427 -34.91835301
 -34.93029154 -34.93332632 -35.08676958 -35.09999908 -35.12418665
 -35.15200911 -35.17875926 -35.18462769 -35.21740671 -35.24012746
 -35.26398861 -35.27393782 -35.32668111 -35.33404379 -35.34923382
 -35.35444078]
[ -1.4099966   -2.84841751  -4.07625971  -5.21961997  -6.35810437
  -7.50317798  -8.65855827  -9.8232081  -11.0502662  -11.97641374
 -12.76676021 -13.51235463 -14.24909173 -15.02092652 -15.85125202
 -16.79716751 -17.40688708 -17.86347001 -18.30668728 -18.78036526
 -19.32302329 -19.99246415 -21.09452674 -21.74827018 -22.20211206
 -22.57041016 -22.90956531 -23.29415047 -23.75072331 -24.51642342
 -24.91765047 -25.18052553 -25.41039236 -25.67883459 -26.05088144
 -26.60768752 -27.64915623 -28.20668561 -28.54549579 -28.77309503
 -28.98668961 -29.2133755  -29.54200622 -30.0112154  -30.30705233
 -30.58233261 -30.9248171  -31.43839679 -31.59317895 -31.71818336
 -31.85723289 -32.04126    -32.08084312 -32.21310902 -32.41258383
 -32.42166385 -32.47191086 -32.65397587 -32.97054303 -33.04880007
 -33.19170344 -33.2688118  -33.45214934 -33.61055932 -33.68951052
 -33.76899784 -33.80650686 -33.80770713 -33.82972711 -33.9390571
 -33.94336518 -33.97403836 -34.00871895 -34.02248416 -34.0286358
 -34.14333022 -34.18797538 -34.31382841 -34.32410614 -34.35697888
 -34.3722222  -34.37314042 -34.37950747 -34.48511649 -34.50542208
 -34.53245858 -34.54642311 -34.57984919 -34.5992143  -34.60570989
 -34.61218582 -34.82084248 -34.88559721 -34.88873612 -34.89828822
 -34.94358259 -34.94593211 -34.9497634  -34.97640904 -34.98649482
 -35.02007889 -35.05884533 -35.09122211 -35.10787205 -35.10813757
 -35.10998326]
[ -1.4099966   -2.84067684  -4.06442262  -5.21019925  -6.34068517
  -7.46755317  -8.60534003  -9.7622761  -10.98033819 -11.8895991
 -12.63435022 -13.3627984  -14.09771294 -14.85848498 -15.69284915
 -16.64444944 -17.2475551  -17.70947543 -18.12244924 -18.53760444
 -19.05464299 -19.70344278 -20.77780244 -21.38408921 -21.80234195
 -22.11351842 -22.41952832 -22.80095383 -23.27528798 -24.01137846
 -24.35586285 -24.59018946 -24.9388905  -25.3703309  -26.05717584
 -27.03889022 -27.60739293 -27.9583877  -28.27665923 -28.55031275
 -28.88261267 -29.32552255 -30.03003713 -30.57558178 -30.87709622
 -31.28242816 -31.7340949  -32.08957229 -32.21134175 -32.21471818
 -32.41770555 -32.52831948 -32.7159792  -32.8409231  -33.02392558
 -33.21861908 -33.22516454 -33.45695353 -33.6354135  -33.7868091
 -33.80235178 -33.84455393 -33.96135457 -34.0834869  -34.11933351
 -34.21477855 -34.26957377 -34.33127005 -34.35566865 -34.37035735
 -34.41487931 -34.43140594 -34.49690207 -34.49925019 -34.55169872
 -34.59660931 -34.65166097 -34.69302461 -34.69584199 -34.71488448
 -34.71600305 -34.72051396]
