[-0.7620528  -2.26238626 -2.26238626 -2.30847119 -2.43174847 -2.56379708
 -2.56379708 -2.63170818 -2.63170818 -2.76163984 -2.9944147  -2.9944147
 -2.9944147  -2.9944147  -2.9944147  -2.9944147  -2.9944147  -2.9944147
 -2.9944147  -2.9944147  -2.9944147  -2.9944147  -2.9944147  -2.9944147
 -2.9944147  -2.9944147  -2.9944147  -2.9944147  -2.9944147  -2.9944147
 -2.9944147  -2.9944147  -2.9944147  -2.9944147  -2.9944147  -2.9944147
 -2.9944147  -2.9944147  -2.9944147  -2.9944147  -2.9944147  -2.9944147
 -2.9944147  -3.22294478 -3.22294478 -3.22294478 -3.22294478 -3.22294478
 -3.22294478 -3.22294478 -3.22294478 -3.22294478 -3.22294478 -3.22294478
 -3.22294478 -3.22294478 -3.22294478 -3.22294478 -3.22294478 -3.22294478
 -3.22294478 -3.22294478 -3.22294478 -3.22294478 -3.22294478 -3.22294478
 -3.22294478 -3.22294478 -3.22294478 -3.22294478 -3.22294478 -3.22294478
 -3.22294478 -3.22294478 -3.22294478 -3.22294478 -3.328292   -3.328292
 -3.328292   -3.328292   -3.328292   -3.328292   -3.328292   -3.328292
 -3.328292   -3.328292   -3.328292   -3.328292   -3.328292   -3.328292
 -3.328292   -3.328292   -3.328292   -3.328292   -3.328292   -3.328292
 -3.328292   -3.328292   -3.328292   -3.328292   -3.328292   -3.328292
 -3.328292   -3.328292   -3.328292   -3.328292   -3.328292   -3.328292
 -3.328292   -3.328292   -3.328292   -3.328292   -3.328292   -3.328292
 -3.328292   -3.328292   -3.328292   -3.328292   -3.328292   -3.328292
 -3.328292   -3.328292   -3.328292   -3.328292   -3.328292   -3.328292
 -3.328292  ]
[-0.7620528  -2.2040838  -2.2040838  -2.34612021 -2.5541449  -2.5541449
 -2.5541449  -2.5541449  -2.5541449  -2.63947065 -2.78213323 -2.78213323
 -2.78213323 -2.78213323 -2.78213323 -2.78213323 -2.78213323 -2.78213323
 -2.78213323 -2.78213323 -2.78213323 -2.78213323 -2.78213323 -2.78213323
 -2.78213323 -2.78213323 -2.78213323 -2.78213323 -2.89219208 -2.89219208
 -2.89219208 -2.89219208 -2.89219208 -2.89219208 -2.89219208 -2.89219208
 -2.91255164 -2.91255164 -2.91255164 -2.91255164 -2.91255164 -2.91255164
 -2.91255164 -2.91255164 -2.91255164 -2.91255164 -2.96532357 -2.96532357
 -2.96532357 -3.04979302 -3.04979302 -3.04979302 -3.04979302 -3.04979302
 -3.04979302 -3.04979302 -3.04979302 -3.04979302 -3.04979302 -3.04979302
 -3.06060049 -3.06060049 -3.06060049 -3.06060049 -3.06060049 -3.06060049
 -3.06060049 -3.1104309  -3.1104309  -3.1104309  -3.1104309  -3.1104309
 -3.1104309  -3.1104309  -3.1104309  -3.1104309  -3.1104309  -3.1104309
 -3.1104309  -3.1104309  -3.1104309  -3.1104309  -3.1104309  -3.1104309
 -3.1104309  -3.1104309  -3.1104309  -3.1104309  -3.1104309  -3.1104309
 -3.15162738 -3.15162738 -3.15162738 -3.15162738 -3.15162738 -3.15162738
 -3.15162738 -3.15162738 -3.15162738 -3.15162738 -3.15162738 -3.15162738
 -3.15162738 -3.15162738 -3.15162738 -3.15162738 -3.15162738 -3.15162738
 -3.15162738 -3.15162738 -3.15162738 -3.15162738 -3.4142591  -3.4142591
 -3.4142591  -3.4142591  -3.4142591  -3.4142591  -3.4142591  -3.4142591
 -3.4142591  -3.4142591  -3.4142591  -3.4142591  -3.4142591  -3.4142591
 -3.4142591  -3.4142591  -3.4142591  -3.4142591  -3.4142591  -3.4142591
 -3.4142591  -3.4142591  -3.4142591  -3.4142591  -3.4142591  -3.4142591
 -3.4142591  -3.4142591  -3.4142591  -3.4142591  -3.4142591  -3.4142591
 -3.4142591  -3.4142591  -3.4142591  -3.4142591  -3.4142591  -3.4142591
 -3.4142591  -3.4142591  -3.4142591  -3.4142591  -3.4142591  -3.4142591
 -3.4142591  -3.4142591  -3.4142591  -3.4142591  -3.4142591  -3.4142591
 -3.4142591 ]
[-0.7620528  -2.18526345 -2.45498673 -2.45498673 -2.45498673 -2.75471653
 -2.75471653 -2.75471653 -2.79911219 -2.79911219 -2.79911219 -2.79911219
 -2.79911219 -2.79911219 -2.79911219 -2.79911219 -2.79911219 -2.79911219
 -2.79911219 -2.79911219 -2.79911219 -2.79911219 -2.79911219 -2.79911219
 -2.79911219 -2.79911219 -2.79911219 -2.79911219 -2.99366282 -2.99366282
 -2.99366282 -2.99366282 -2.99366282 -2.99366282 -2.99366282 -2.99366282
 -2.99366282 -2.99366282 -2.99366282 -2.99366282 -2.99366282 -2.99366282
 -2.99366282 -2.99366282 -2.99366282 -2.99366282 -2.99366282 -2.99366282
 -2.99366282 -2.99366282 -2.99366282 -2.99366282 -2.99366282 -2.99366282
 -2.99366282 -2.99366282 -2.99366282 -2.99366282 -2.99366282 -2.99366282
 -2.99366282 -2.99366282 -3.04361538 -3.08187615 -3.08187615 -3.08187615
 -3.08424182 -3.08424182 -3.08424182 -3.08424182 -3.08424182 -3.10386837
 -3.10386837 -3.10386837 -3.10386837 -3.10386837 -3.10386837 -3.10386837
 -3.10386837 -3.10386837 -3.10386837 -3.10386837 -3.10386837 -3.10386837
 -3.10386837 -3.10386837 -3.10386837 -3.10386837 -3.10386837 -3.14161121
 -3.14161121 -3.14161121 -3.14161121 -3.16820681 -3.16820681 -3.16820681
 -3.16820681 -3.16820681 -3.16820681 -3.16820681 -3.36625215 -3.46214765
 -3.46214765 -3.46214765 -3.46214765 -3.46214765 -3.46214765 -3.46214765
 -3.46214765 -3.46214765 -3.46214765 -3.46214765 -3.46214765 -3.46214765
 -3.46214765 -3.46214765 -3.46214765 -3.46214765 -3.46214765 -3.46214765
 -3.46214765 -3.46214765 -3.46214765 -3.46214765 -3.46214765 -3.46214765
 -3.46214765 -3.46214765 -3.46214765 -3.46214765 -3.46214765 -3.46214765
 -3.46214765 -3.46214765 -3.46214765 -3.46214765 -3.46214765 -3.46214765
 -3.46214765 -3.46214765 -3.46214765 -3.46214765 -3.46214765 -3.46214765
 -3.46214765 -3.46214765 -3.46214765 -3.46214765 -3.46214765 -3.46214765
 -3.46214765 -3.46214765]
[-0.7620528  -2.40864441 -2.46030745 -2.46030745 -2.46030745 -2.46030745
 -2.46030745 -2.46030745 -2.54228318 -2.65480031 -2.65480031 -2.65480031
 -2.65480031 -2.65480031 -2.65480031 -2.65480031 -3.08501709 -3.08501709
 -3.08501709 -3.08501709 -3.08501709 -3.08501709 -3.08501709 -3.08501709
 -3.08501709 -3.08501709 -3.08501709 -3.08501709 -3.08501709 -3.08501709
 -3.08501709 -3.08501709 -3.08501709 -3.08501709 -3.08501709 -3.08501709
 -3.08501709 -3.08501709 -3.08501709 -3.08501709 -3.08501709 -3.08501709
 -3.08501709 -3.08501709 -3.08501709 -3.08501709 -3.08501709 -3.08501709
 -3.08501709 -3.08501709 -3.08501709 -3.11182201 -3.11182201 -3.2491984
 -3.2491984  -3.2491984  -3.2491984  -3.2491984  -3.2491984  -3.2491984
 -3.2491984  -3.2491984  -3.2491984  -3.2491984  -3.2491984  -3.2491984
 -3.2491984  -3.2491984  -3.2491984  -3.2491984  -3.2491984  -3.2491984
 -3.2491984  -3.2491984  -3.2491984  -3.2491984  -3.2491984  -3.2491984
 -3.2491984  -3.2491984  -3.2491984  -3.2491984  -3.2491984  -3.2491984
 -3.25831052 -3.25831052 -3.25831052 -3.25831052 -3.25831052 -3.25831052
 -3.25831052 -3.25831052 -3.25831052 -3.25831052 -3.25831052 -3.25831052
 -3.25831052 -3.25831052 -3.25831052 -3.25831052 -3.25831052 -3.25831052
 -3.25831052 -3.25831052 -3.25831052 -3.25831052 -3.25831052 -3.25831052
 -3.25831052 -3.25831052 -3.25831052 -3.25831052 -3.25831052 -3.25831052
 -3.25831052 -3.25831052 -3.25831052 -3.25831052 -3.37706803 -3.37706803
 -3.37706803 -3.37706803 -3.37706803 -3.37706803 -3.51504562 -3.51504562
 -3.51504562 -3.51504562 -3.51504562 -3.51504562 -3.51504562 -3.51504562
 -3.51504562 -3.51504562 -3.51504562 -3.51504562 -3.51504562 -3.51504562
 -3.51504562 -3.51504562 -3.51504562 -3.51504562 -3.51504562 -3.51504562
 -3.51504562 -3.51504562 -3.51504562 -3.51504562 -3.51504562 -3.51504562
 -3.51504562 -3.51504562 -3.51504562 -3.51504562 -3.51504562 -3.51504562
 -3.51504562 -3.51504562 -3.51504562 -3.51504562 -3.51504562 -3.51504562
 -3.51504562 -3.51504562 -3.51504562 -3.51504562 -3.51504562 -3.51504562
 -3.51504562 -3.51504562 -3.51504562 -3.51504562 -3.51504562 -3.51504562
 -3.51504562]
[-0.7620528  -2.18590149 -2.38828581 -2.38828581 -2.38828581 -2.48373552
 -2.48373552 -2.4871657  -2.61086401 -2.61086401 -2.6197596  -2.6197596
 -2.6197596  -2.6197596  -2.6197596  -2.6197596  -2.82668596 -2.82668596
 -2.87002389 -2.87002389 -2.87002389 -2.87002389 -2.87002389 -2.87002389
 -2.87002389 -2.8944585  -2.8944585  -3.06804469 -3.06804469 -3.06804469
 -3.06804469 -3.06804469 -3.06804469 -3.06804469 -3.06804469 -3.06804469
 -3.06804469 -3.06804469 -3.06804469 -3.06804469 -3.06804469 -3.06804469
 -3.06804469 -3.06804469 -3.06804469 -3.06804469 -3.06804469 -3.06804469
 -3.06804469 -3.06804469 -3.06804469 -3.06804469 -3.06804469 -3.06804469
 -3.06804469 -3.06804469 -3.06804469 -3.06804469 -3.06804469 -3.06804469
 -3.06804469 -3.06804469 -3.06804469 -3.06804469 -3.06804469 -3.06804469
 -3.06804469 -3.06804469 -3.06804469 -3.06804469 -3.06804469 -3.06804469
 -3.06804469 -3.06804469 -3.06804469 -3.06804469 -3.06804469 -3.06804469]
