[ 252.63157895 1010.52631579 1600.          505.26315789 1178.94736842
 1431.57894737  252.63157895  842.10526316 1178.94736842 1515.78947368
    0.          421.05263158  926.31578947  252.63157895 1094.73684211
 1431.57894737    0.          421.05263158  757.89473684 1263.15789474
 1010.52631579 1600.          421.05263158  673.68421053 1347.36842105
    0.          673.68421053]
[   0.          757.89473684 1600.          168.42105263  505.26315789
 1010.52631579 1263.15789474    0.          589.47368421 1263.15789474
 1515.78947368  168.42105263  757.89473684  421.05263158  926.31578947
 1178.94736842 1515.78947368  168.42105263  505.26315789 1600.
  842.10526316 1263.15789474    0.          421.05263158 1431.57894737
  926.31578947 1178.94736842]
[ 168.42105263 1094.73684211  589.47368421   84.21052632 1600.
  505.26315789 1178.94736842    0.          842.10526316 1600.
  252.63157895  673.68421053 1347.36842105 1010.52631579 1515.78947368
   84.21052632  842.10526316 1263.15789474    0.          421.05263158
 1600.          673.68421053  252.63157895 1010.52631579 1263.15789474
  842.10526316 1515.78947368  421.05263158]
[ 168.42105263  421.05263158 1515.78947368 1094.73684211  842.10526316
 1600.          505.26315789  673.68421053 1094.73684211 1515.78947368
   84.21052632  505.26315789 1178.94736842 1515.78947368  673.68421053
  336.84210526  926.31578947   84.21052632 1600.          673.68421053
 1094.73684211 1431.57894737    0.          589.47368421  926.31578947
 1263.15789474  336.84210526]
[ 673.68421053 1263.15789474    0.          421.05263158 1431.57894737
 1600.          673.68421053   84.21052632  926.31578947 1431.57894737
    0.         1094.73684211  421.05263158 1094.73684211 1515.78947368
  168.42105263  673.68421053 1010.52631579  252.63157895  505.26315789
  926.31578947 1347.36842105 1600.        ]
