[ 252.63157895  505.26315789  842.10526316  589.47368421 1094.73684211
 1431.57894737   84.21052632  842.10526316  252.63157895 1010.52631579
 1431.57894737  336.84210526  673.68421053 1600.         1094.73684211
    0.          505.26315789  926.31578947 1431.57894737]
[  84.21052632  505.26315789 1515.78947368  842.10526316    0.
 1178.94736842 1515.78947368 1010.52631579    0.          252.63157895
 1515.78947368  421.05263158  842.10526316 1347.36842105  421.05263158
 1600.          252.63157895  842.10526316    0.         1178.94736842
 1515.78947368]
[1515.78947368   84.21052632  421.05263158  757.89473684 1178.94736842
  168.42105263    0.         1431.57894737  505.26315789    0.
 1431.57894737    0.         1094.73684211  589.47368421 1347.36842105
 1600.            0.          842.10526316  505.26315789 1600.        ]
[   0.          252.63157895  589.47368421 1600.         1431.57894737
    0.          252.63157895  505.26315789  757.89473684 1178.94736842
  252.63157895 1515.78947368    0.            0.         1515.78947368
  252.63157895   84.21052632  505.26315789 1600.        ]
[ 842.10526316  252.63157895 1347.36842105  757.89473684 1178.94736842
  252.63157895 1010.52631579 1347.36842105  589.47368421 1263.15789474
    0.          926.31578947  168.42105263 1094.73684211  757.89473684
 1600.          589.47368421 1094.73684211 1515.78947368]
