[2.3315009  2.32326627 2.31587196 2.31587196 2.31587196 2.31587196
 2.31587196 2.31587196 2.31490638 2.31490638 2.31466527 2.31466527
 2.31466527 2.29566033 2.29566033 2.29566033 2.29566033 2.29566033
 2.29566033 2.29566033 2.29566033 2.29566033 2.29566033 2.29566033
 2.29566033 2.29566033 2.29566033 2.29566033 2.29566033 2.29566033
 2.29566033 2.29566033 2.29566033 2.29180841 2.29180841 2.29180841
 2.29180841 2.29180841 2.29180841 2.29180841 2.29180841 2.29180841
 2.29180841 2.29180841 2.29180841 2.29180841 2.29180841 2.29180841
 2.29180841 2.29180841 2.29180841 2.29180841 2.29180841 2.29180841
 2.29180841 2.29180841 2.29180841 2.29180841 2.29180841 2.29180841
 2.29180841 2.29180841 2.29180841 2.29180841 2.29180841 2.29180841
 2.29180841 2.29180841 2.29180841 2.29180841 2.29180841 2.29180841
 2.29180841 2.29180841 2.29180841 2.29180841 2.29180841 2.29180841
 2.29180841 2.29180841 2.29180841 2.29180841 2.29180841 2.29180841]
[2.33130011 2.32307221 2.3129981  2.3129981  2.3129981  2.3129981
 2.30552831 2.30552831 2.30552831 2.30552831 2.30552831 2.30552831
 2.30552831 2.30552831 2.30552831 2.30552831 2.30552831 2.30552831
 2.30552831 2.30552831 2.30552831 2.30552831 2.30552831 2.30552831
 2.30552831 2.30552831 2.30552831 2.30552831 2.30389645 2.30389645
 2.30389645 2.30389645 2.30389645 2.3024938  2.3024938  2.3024938
 2.3024938  2.3024938  2.3024938  2.3024938  2.3024938  2.3024938
 2.3024938  2.3024938  2.3024938  2.3024938  2.3024938  2.3024938
 2.29595853 2.29595853 2.29595853 2.29595853 2.29595853 2.29595853
 2.29595853 2.29595853 2.29595853 2.29595853 2.29595853 2.29595853
 2.29595853 2.29595853 2.29595853 2.29595853 2.29595853 2.29595853
 2.29595853 2.29595853 2.29595853 2.29595853 2.29595853 2.29595853
 2.29595853 2.29595853 2.29595853 2.29595853 2.29595853 2.29595853
 2.29595853 2.29595853 2.29595853 2.29595853 2.29595853 2.29595853
 2.29595853 2.29595853 2.29595853 2.29595853 2.29595853 2.29595853
 2.29595853 2.29595853 2.29595853 2.29595853 2.29595853 2.29595853
 2.29595853 2.29595853 2.29595853]
[2.32820197 2.32277054 2.32271622 2.30375278 2.30375278 2.30375278
 2.30375278 2.30375278 2.30375278 2.30375278 2.30375278 2.30375278
 2.30375278 2.30375278 2.30375278 2.30375278 2.30375278 2.30375278
 2.30375278 2.30375278 2.30375278 2.30375278 2.30375278 2.30375278
 2.30375278 2.30375278 2.30058988 2.30058988 2.30058988 2.29613936
 2.29613936 2.29613936 2.29613936 2.29613936 2.29613936 2.29613936
 2.29613936 2.29613936 2.29613936 2.29613936 2.29613936 2.29613936
 2.29613936 2.29613936 2.29613936 2.29613936 2.29613936 2.29613936
 2.29613936 2.29613936 2.29613936 2.29369377 2.29369377 2.29369377
 2.29369377 2.29369377 2.29369377 2.29369377 2.29369377 2.29369377
 2.29369377 2.29369377 2.29369377 2.29369377 2.29369377 2.29369377
 2.29369377 2.29369377 2.29369377 2.29369377 2.29369377 2.29369377
 2.29369377 2.29369377 2.29369377 2.29369377 2.29369377 2.29369377
 2.29369377 2.29369377 2.29369377 2.29369377 2.29369377 2.29369377
 2.29369377 2.29369377 2.29369377 2.29369377 2.29369377 2.29369377
 2.29369377 2.29369377 2.29369377 2.29369377 2.29369377 2.29369377
 2.29369377 2.29369377 2.29369377 2.29369377 2.29369377 2.29369377]
[2.32896903 2.31898391 2.30744713 2.30744713 2.30744713 2.30744713
 2.30744713 2.30744713 2.30744713 2.30744713 2.30744713 2.30744713
 2.30744713 2.30744713 2.30744713 2.30744713 2.30744713 2.30139972
 2.30139972 2.30139972 2.30139972 2.30139972 2.30139972 2.30139972
 2.30139972 2.30139972 2.30139972 2.30139972 2.30139972 2.30139972
 2.29891213 2.29891213 2.29891213 2.29891213 2.29857467 2.29857467
 2.29857467 2.29857467 2.29857467 2.29857467 2.29857467 2.29857467
 2.29857467 2.29857467 2.29857467 2.29857467 2.29857467 2.29857467
 2.29857467 2.29857467 2.29857467 2.29857467 2.29857467 2.29857467
 2.29857467 2.29857467 2.29857467 2.29857467 2.29857467 2.29857467
 2.29857467 2.29857467 2.29857467 2.29857467 2.29857467 2.29857467
 2.29776026 2.29776026 2.29776026 2.29776026 2.2952119  2.2952119
 2.2952119  2.2952119  2.2952119  2.2952119  2.2952119  2.2952119
 2.2952119  2.2952119  2.2952119  2.2952119  2.2952119  2.2952119
 2.2952119  2.2952119  2.2952119  2.2952119  2.2952119  2.2952119
 2.2952119  2.2952119  2.2952119  2.2952119  2.2952119  2.2952119
 2.2952119  2.2952119  2.2952119  2.2952119  2.2952119  2.2952119
 2.2952119  2.2952119  2.2952119  2.2952119  2.2952119  2.2952119
 2.2952119  2.2952119  2.2952119  2.2952119  2.2952119  2.2952119
 2.2952119  2.2952119  2.2952119  2.2952119  2.2952119  2.2952119
 2.2952119 ]
[2.33299968 2.30903403 2.30903403 2.30903403 2.30903403 2.30903403
 2.30903403 2.30903403 2.30903403 2.30903403 2.30903403 2.30903403
 2.30903403 2.30903403 2.30903403 2.30903403 2.30903403 2.30903403
 2.29923208 2.29923208 2.29923208 2.29923208 2.29923208 2.29923208
 2.29923208 2.29923208 2.29923208 2.29923208 2.29923208 2.29923208
 2.29923208 2.29923208 2.29923208 2.29923208 2.29923208 2.29923208
 2.29923208 2.29923208 2.29923208 2.29923208 2.29923208 2.29923208
 2.29923208 2.29923208 2.29923208 2.29923208 2.29923208 2.29923208
 2.29923208 2.29923208 2.29923208 2.29923208 2.29923208 2.29923208
 2.29697155 2.29697155 2.29697155 2.29697155 2.29697155 2.29697155
 2.29697155 2.29697155 2.29697155 2.29697155 2.29697155 2.29697155
 2.29697155 2.29697155 2.29697155 2.29697155 2.29697155 2.29697155
 2.29697155 2.29697155 2.29697155 2.29697155 2.29697155 2.29697155
 2.29697155 2.29697155 2.29697155 2.29697155 2.29514057 2.29514057
 2.29514057 2.29514057 2.29514057 2.29514057 2.29514057 2.29514057
 2.29514057 2.29514057 2.29514057 2.29514057 2.29514057 2.29514057
 2.29514057 2.29514057 2.29514057 2.29514057 2.29514057 2.29514057
 2.29514057 2.29514057 2.29514057 2.29514057 2.29514057 2.29514057
 2.29514057 2.29514057 2.29514057 2.29514057 2.29514057 2.29514057
 2.29514057 2.29514057 2.29514057 2.29514057 2.29514057 2.29514057
 2.29514057 2.29514057 2.29514057 2.29514057 2.29514057 2.29514057
 2.29514057 2.29514057 2.29514057 2.29514057 2.29514057 2.29514057
 2.29514057]
