[   0.          168.42105263  421.05263158  505.26315789  673.68421053
  926.31578947 1347.36842105 1600.         1600.        ]
[   0.           84.21052632  168.42105263  336.84210526  757.89473684
  842.10526316 1263.15789474 1600.         1600.        ]
[   0.            0.          168.42105263  336.84210526  336.84210526
  673.68421053  842.10526316  842.10526316 1010.52631579 1347.36842105
 1600.         1600.         1600.        ]
[   0.            0.           84.21052632  252.63157895  673.68421053
  673.68421053  926.31578947 1178.94736842 1263.15789474 1515.78947368
 1515.78947368]
[   0.           84.21052632  252.63157895  336.84210526  421.05263158
  673.68421053  842.10526316 1178.94736842 1431.57894737 1515.78947368
 1600.        ]
