[-0.71656571 -1.76949847 -1.76949847 -1.77382971 -1.93732571 -1.95128592
 -1.95128592 -1.97043807 -1.97043807 -2.00045767 -2.00045767 -2.00045767
 -2.00045767 -2.00045767 -2.01386659 -2.01386659 -2.01386659 -2.01386659
 -2.01386659 -2.01386659 -2.06507831 -2.06507831 -2.06507831 -2.06507831
 -2.06507831 -2.06507831 -2.09598215 -2.09598215 -2.17186925 -2.17186925
 -2.17186925 -2.17186925 -2.17186925 -2.32651164 -2.32651164 -2.32651164
 -2.32651164 -2.32651164 -2.32651164 -2.32651164 -2.32651164 -2.32651164
 -2.32651164 -2.32651164 -2.32651164 -2.32651164 -2.32651164 -2.32651164
 -2.32651164 -2.32651164 -2.32651164 -2.32651164 -2.32651164 -2.32651164
 -2.32651164 -2.32651164 -2.32651164 -2.32651164 -2.32651164 -2.32651164
 -2.32651164 -2.32651164 -2.32651164 -2.32651164 -2.32651164 -2.32651164
 -2.32651164 -2.32651164 -2.32651164 -2.32651164 -2.32651164 -2.32651164
 -2.32651164 -2.32651164 -2.32651164 -2.32651164 -2.32651164 -2.32651164
 -2.32651164 -2.32651164 -2.32651164 -2.32651164 -2.32651164 -2.32651164]
[-0.72049738 -1.66158879 -1.79101403 -1.81692355 -1.92075912 -1.92075912
 -1.92075912 -1.92075912 -1.92075912 -1.93833436 -1.93833436 -1.93833436
 -2.04542917 -2.04542917 -2.04542917 -2.04542917 -2.04542917 -2.04542917
 -2.04542917 -2.04542917 -2.04542917 -2.04542917 -2.0936126  -2.0936126
 -2.1001204  -2.1001204  -2.1001204  -2.1001204  -2.21077626 -2.21077626
 -2.21077626 -2.21077626 -2.21077626 -2.21077626 -2.21077626 -2.21077626
 -2.21077626 -2.21077626 -2.21077626 -2.21077626 -2.21077626 -2.21077626
 -2.21077626 -2.21077626 -2.21077626 -2.21077626 -2.21077626 -2.21077626
 -2.21077626 -2.21077626 -2.21077626 -2.21077626 -2.21077626 -2.21077626
 -2.21077626 -2.21077626 -2.21077626 -2.21077626 -2.21077626 -2.21077626
 -2.21077626 -2.21077626 -2.21077626 -2.21077626 -2.21077626 -2.21077626
 -2.21077626 -2.21077626 -2.21077626 -2.21077626 -2.21077626 -2.21077626
 -2.21077626 -2.21077626 -2.21077626 -2.21077626 -2.21077626 -2.21077626
 -2.2129808  -2.2129808  -2.2129808  -2.2129808  -2.2129808  -2.2129808
 -2.2129808  -2.2129808  -2.22142218 -2.22142218 -2.22142218 -2.22142218
 -2.22142218 -2.22142218 -2.22142218 -2.22142218 -2.22142218 -2.22142218
 -2.22142218 -2.22142218 -2.22142218 -2.22142218 -2.22142218 -2.22142218
 -2.22142218 -2.22142218 -2.22142218 -2.22142218 -2.22142218 -2.22142218
 -2.22142218 -2.22142218 -2.22142218 -2.22142218 -2.22142218 -2.22142218
 -2.22142218 -2.22142218 -2.22142218 -2.22142218 -2.22142218 -2.22142218
 -2.22142218 -2.22142218 -2.22142218 -2.22142218 -2.22142218 -2.22142218
 -2.22142218 -2.22142218 -2.22142218 -2.22142218 -2.22142218 -2.22142218
 -2.22142218 -2.22142218 -2.22142218 -2.22142218 -2.22142218]
[-0.71538909 -1.82857521 -1.82857521 -1.87939366 -1.91166019 -1.91166019
 -2.02850487 -2.02850487 -2.02850487 -2.02850487 -2.02850487 -2.02850487
 -2.07206398 -2.07206398 -2.07206398 -2.07206398 -2.07206398 -2.07206398
 -2.07206398 -2.07206398 -2.07206398 -2.07206398 -2.07206398 -2.07206398
 -2.07206398 -2.07206398 -2.07206398 -2.07206398 -2.07206398 -2.07206398
 -2.07206398 -2.07206398 -2.07206398 -2.07206398 -2.07206398 -2.07206398
 -2.07206398 -2.07206398 -2.09194501 -2.14663677 -2.14663677 -2.14663677
 -2.14663677 -2.14663677 -2.14663677 -2.14663677 -2.14663677 -2.14663677
 -2.14663677 -2.14663677 -2.14663677 -2.14663677 -2.16734022 -2.16734022
 -2.16734022 -2.16734022 -2.16734022 -2.20614189 -2.20614189 -2.20614189
 -2.20614189 -2.21364098 -2.21364098 -2.21364098 -2.21364098 -2.21364098
 -2.21364098 -2.21364098 -2.21364098 -2.21364098 -2.21364098 -2.21866739
 -2.21866739 -2.21866739 -2.21866739 -2.21866739 -2.21866739 -2.21866739
 -2.21866739 -2.21866739 -2.21866739 -2.21866739 -2.21866739 -2.21866739
 -2.21866739 -2.21866739 -2.21866739 -2.21866739 -2.21866739 -2.21866739
 -2.21866739 -2.21866739 -2.21866739 -2.21866739 -2.21866739 -2.21866739
 -2.21866739 -2.21866739 -2.21866739 -2.21866739 -2.21866739 -2.21866739
 -2.21866739 -2.21866739 -2.21866739 -2.21866739 -2.21866739 -2.21866739
 -2.21866739 -2.21866739 -2.21866739 -2.21866739 -2.21866739 -2.21866739
 -2.21866739 -2.21866739 -2.21866739 -2.23917129 -2.23917129 -2.23917129
 -2.23917129 -2.23917129 -2.23917129 -2.23917129 -2.23917129 -2.23917129
 -2.23917129 -2.23917129 -2.23917129 -2.23917129 -2.23917129 -2.23975642
 -2.26011174 -2.26011174 -2.26011174 -2.26011174 -2.26011174 -2.26011174
 -2.26011174 -2.26012543 -2.26012543 -2.26012543 -2.26012543 -2.26012543
 -2.26012543 -2.26012543 -2.26012543 -2.26012543 -2.26012543 -2.27801265
 -2.27801265 -2.27801265 -2.27801265 -2.27801265 -2.27801265 -2.27801265
 -2.27801265 -2.27801265 -2.27801265 -2.27801265 -2.27801265 -2.27801265
 -2.27801265 -2.27801265 -2.27801265 -2.27801265 -2.27801265 -2.27801265
 -2.27801265 -2.27801265 -2.27801265 -2.27801265 -2.27801265 -2.27801265
 -2.27801265 -2.27801265 -2.27801265 -2.27801265 -2.27801265 -2.27801265
 -2.27801265 -2.27801265 -2.27801265 -2.27801265 -2.27801265 -2.27801265
 -2.27801265 -2.27801265 -2.27801265 -2.27801265 -2.27801265 -2.27801265
 -2.27801265 -2.27801265 -2.34132062 -2.34132062 -2.34132062 -2.34132062
 -2.34132062 -2.34132062 -2.34132062 -2.34132062 -2.34132062 -2.34132062
 -2.34132062 -2.34132062 -2.34132062 -2.34132062 -2.34132062 -2.34132062
 -2.34132062 -2.34132062 -2.34132062 -2.34132062 -2.34132062 -2.34132062
 -2.34132062 -2.34132062 -2.34132062 -2.34132062 -2.34132062 -2.34132062
 -2.34132062 -2.34132062 -2.34132062 -2.34132062 -2.34132062 -2.34132062
 -2.34132062 -2.34132062 -2.34132062 -2.34132062 -2.34132062 -2.34132062
 -2.34132062 -2.34132062 -2.34132062 -2.34132062 -2.34132062 -2.34132062
 -2.34132062 -2.34132062 -2.34132062 -2.34132062 -2.34132062]
[-0.7184305  -1.79307457 -1.79307457 -1.79307457 -1.81431868 -1.81431868
 -1.81431868 -1.87651427 -2.02889092 -2.02889092 -2.02889092 -2.07007491
 -2.07007491 -2.07007491 -2.07007491 -2.07007491 -2.07007491 -2.07007491
 -2.07007491 -2.11461127 -2.11461127 -2.11461127 -2.11461127 -2.11461127
 -2.11461127 -2.11461127 -2.11461127 -2.11461127 -2.11461127 -2.11461127
 -2.11461127 -2.11461127 -2.11461127 -2.11461127 -2.11461127 -2.11461127
 -2.11461127 -2.11461127 -2.11737479 -2.14772152 -2.14772152 -2.14772152
 -2.14772152 -2.14772152 -2.14772152 -2.14772152 -2.14772152 -2.14772152
 -2.14772152 -2.14772152 -2.14772152 -2.14772152 -2.14772152 -2.14772152
 -2.14772152 -2.14772152 -2.14772152 -2.14772152 -2.14772152 -2.14772152
 -2.14772152 -2.14772152 -2.14772152 -2.14772152 -2.21272271 -2.21272271
 -2.21272271 -2.21272271 -2.21272271 -2.21272271 -2.21272271 -2.21272271
 -2.21272271 -2.21272271 -2.21272271 -2.21272271 -2.21272271 -2.36463662
 -2.36463662 -2.36463662 -2.36463662 -2.36463662 -2.36463662 -2.36463662
 -2.36463662 -2.36463662 -2.36463662 -2.36463662 -2.36463662 -2.36463662
 -2.36463662 -2.36463662 -2.36463662 -2.36463662 -2.36463662 -2.36463662
 -2.36463662 -2.36463662 -2.36463662 -2.36463662 -2.36463662 -2.36463662
 -2.36463662 -2.36463662 -2.36463662 -2.36463662 -2.36463662 -2.36463662
 -2.36463662 -2.36463662 -2.36463662 -2.36463662 -2.36463662 -2.36463662
 -2.36463662 -2.36463662 -2.36463662 -2.36463662 -2.36463662 -2.36463662
 -2.36463662 -2.36463662 -2.36463662 -2.36463662 -2.36463662 -2.36463662
 -2.36463662 -2.36463662]
[-0.70955351 -1.76205656 -1.9124628  -1.9124628  -1.9124628  -1.9124628
 -1.9124628  -1.9124628  -1.9124628  -1.9124628  -1.9124628  -1.92418769
 -1.92418769 -1.94801551 -1.94801551 -2.13947994 -2.13947994 -2.13947994
 -2.13947994 -2.13947994 -2.13947994 -2.13947994 -2.13947994 -2.13947994
 -2.13947994 -2.13947994 -2.13947994 -2.13947994 -2.13947994 -2.13947994
 -2.13947994 -2.13947994 -2.13947994 -2.13947994 -2.13947994 -2.13947994
 -2.13947994 -2.13947994 -2.13947994 -2.13947994 -2.13947994 -2.13947994
 -2.13947994 -2.13947994 -2.13947994 -2.13947994 -2.13947994 -2.13947994
 -2.13947994 -2.13947994 -2.13947994 -2.13947994 -2.13947994 -2.13947994
 -2.13947994 -2.13947994 -2.18242197 -2.18242197 -2.18242197 -2.18242197
 -2.18242197 -2.18242197 -2.18242197 -2.18242197 -2.18242197 -2.18242197
 -2.18242197 -2.18242197 -2.18242197 -2.18242197 -2.18242197 -2.18242197
 -2.18242197 -2.18242197 -2.18242197 -2.19055909 -2.19055909 -2.19055909
 -2.19055909 -2.19055909 -2.19055909 -2.19055909 -2.19055909 -2.27612085
 -2.27612085 -2.27612085 -2.27612085 -2.27612085 -2.27612085 -2.27612085
 -2.27612085 -2.27612085 -2.27612085 -2.27612085 -2.27612085 -2.27612085
 -2.27612085 -2.27612085 -2.27612085 -2.27612085 -2.27612085 -2.27612085
 -2.27612085 -2.27612085 -2.27612085 -2.27612085 -2.27612085 -2.27612085
 -2.27612085 -2.27612085 -2.27612085 -2.27612085 -2.27612085 -2.27612085
 -2.27612085 -2.27612085 -2.27612085 -2.27612085 -2.27612085 -2.27612085
 -2.27612085 -2.27612085 -2.27612085 -2.27612085 -2.27612085 -2.27612085
 -2.27612085 -2.27612085 -2.27612085 -2.27612085 -2.27612085 -2.27612085
 -2.27612085 -2.27612085]
