[1010.52631579 1431.57894737  168.42105263  673.68421053 1263.15789474
   84.21052632  505.26315789  757.89473684 1600.         1010.52631579
 1600.          842.10526316 1094.73684211 1347.36842105  168.42105263
 1600.          757.89473684 1094.73684211   84.21052632  421.05263158
 1347.36842105  168.42105263  589.47368421 1431.57894737]
[   0.          421.05263158 1431.57894737  926.31578947  589.47368421
 1178.94736842 1431.57894737  842.10526316   84.21052632  505.26315789
 1263.15789474  842.10526316  252.63157895  505.26315789 1094.73684211
  926.31578947 1347.36842105  252.63157895  757.89473684 1178.94736842
  926.31578947 1600.           84.21052632 1094.73684211 1347.36842105]
[ 505.26315789    0.         1600.          589.47368421 1010.52631579
  168.42105263  842.10526316 1178.94736842 1431.57894737    0.
  252.63157895 1347.36842105  505.26315789   84.21052632  757.89473684
 1010.52631579   84.21052632  336.84210526  589.47368421 1600.
  757.89473684  252.63157895 1263.15789474    0.         1600.
  673.68421053 1094.73684211]
[1600.           84.21052632  673.68421053  336.84210526 1263.15789474
  505.26315789  757.89473684 1600.            0.          421.05263158
  673.68421053 1263.15789474    0.          421.05263158  757.89473684
  168.42105263 1515.78947368 1263.15789474   84.21052632  421.05263158
  757.89473684 1094.73684211 1347.36842105 1600.        ]
[ 336.84210526   84.21052632 1094.73684211 1431.57894737  757.89473684
  252.63157895 1178.94736842    0.          252.63157895 1347.36842105
  505.26315789 1010.52631579  252.63157895  589.47368421 1178.94736842
 1600.          252.63157895  589.47368421  926.31578947   84.21052632
  757.89473684 1094.73684211  336.84210526 1515.78947368   84.21052632
  757.89473684 1094.73684211]
