[-1.08411339 -3.01439436 -3.01439436 -3.12115025 -3.12115025 -3.12447131
 -3.41305529 -3.41305529 -3.41305529 -3.65653163 -3.77639524 -3.77639524
 -3.77639524 -3.77639524 -3.77639524 -3.77639524 -3.77639524 -3.77639524
 -3.77639524 -3.77639524 -3.77639524 -3.77639524 -3.77639524 -3.77639524
 -3.9929147  -3.9929147  -3.9929147  -3.9929147  -3.9929147  -3.9929147
 -3.9929147  -3.9929147  -3.9929147  -3.9929147  -3.9929147  -3.9929147
 -3.9929147  -3.9929147  -3.9929147  -3.9929147  -3.9929147  -3.9929147
 -3.9929147  -3.9929147  -3.9929147  -4.09128423 -4.29951578 -4.29951578
 -4.29951578 -4.29951578 -4.29951578 -4.29951578 -4.29951578 -4.29951578
 -4.29951578 -4.29951578 -4.29951578 -4.29951578 -4.29951578 -4.29951578
 -4.29951578 -4.29951578 -4.29951578 -4.29951578 -4.29951578 -4.29951578
 -4.29951578 -4.29951578 -4.29951578 -4.29951578 -4.29951578 -4.29951578
 -4.29951578 -4.29951578 -4.29951578 -4.29951578 -4.29951578 -4.29951578
 -4.29951578 -4.29951578 -4.29951578 -4.29951578 -4.29951578 -4.29951578
 -4.29951578 -4.29951578 -4.29951578 -4.29951578 -4.29951578 -4.29951578
 -4.29951578 -4.29951578 -4.29951578 -4.29951578 -4.29951578 -4.29951578
 -4.29951578]
[-1.08411339 -2.98916482 -3.29063552 -3.29063552 -3.29063552 -3.29063552
 -3.34569406 -3.66157839 -3.66157839 -3.66157839 -3.67814996 -3.67814996
 -3.67814996 -3.79953295 -3.79953295 -3.79953295 -3.79953295 -3.79953295
 -3.83926015 -3.83926015 -3.83926015 -3.83926015 -3.83926015 -3.83926015
 -3.83926015 -3.83926015 -3.83926015 -3.83926015 -3.83926015 -3.83926015
 -3.83926015 -3.88023362 -3.88023362 -3.88023362 -3.88023362 -3.96815309
 -3.96815309 -3.96815309 -3.96815309 -3.96815309 -3.96815309 -3.96815309
 -3.96815309 -3.96815309 -3.96815309 -3.96815309 -4.42538433 -4.42538433
 -4.42538433 -4.42538433 -4.42538433 -4.42538433 -4.42538433 -4.42538433
 -4.42538433 -4.42538433 -4.42538433 -4.42538433 -4.42538433 -4.42538433
 -4.42538433 -4.42538433 -4.42538433 -4.42538433 -4.42538433 -4.42538433
 -4.42538433 -4.42538433 -4.42538433 -4.42538433 -4.42538433 -4.42538433
 -4.42538433 -4.42538433 -4.42538433 -4.42538433 -4.42538433 -4.42538433
 -4.42538433 -4.42538433 -4.42538433 -4.42538433 -4.42538433 -4.42538433
 -4.42538433 -4.42538433 -4.42538433 -4.42538433 -4.42538433 -4.42538433
 -4.42538433 -4.42538433 -4.42538433 -4.42538433 -4.42538433 -4.42538433
 -4.42538433]
[-1.08411339 -2.95089683 -3.4933079  -3.4933079  -3.4933079  -3.4933079
 -3.91075873 -3.91075873 -3.91075873 -3.91075873 -3.91075873 -3.91075873
 -3.91075873 -3.91075873 -3.91075873 -3.91075873 -3.91075873 -3.91075873
 -3.91075873 -3.91075873 -3.91075873 -3.91075873 -3.91075873 -3.91075873
 -3.91075873 -3.91075873 -3.91075873 -4.02926822 -4.02926822 -4.02926822
 -4.16506323 -4.16506323 -4.18591054 -4.18591054 -4.18591054 -4.18591054
 -4.18591054 -4.18591054 -4.18591054 -4.18591054 -4.18591054 -4.18591054
 -4.18591054 -4.18591054 -4.18591054 -4.18591054 -4.18591054 -4.18591054
 -4.18591054 -4.18591054 -4.18591054 -4.18591054 -4.18591054 -4.18591054
 -4.19723773 -4.19723773 -4.19723773 -4.19723773 -4.19723773 -4.19723773
 -4.19723773 -4.19723773 -4.19723773 -4.19723773 -4.19723773 -4.19723773
 -4.19723773 -4.19723773 -4.19723773 -4.19723773 -4.19723773 -4.19723773
 -4.19723773 -4.19723773 -4.19723773 -4.19723773 -4.19723773 -4.19723773
 -4.19723773 -4.19723773 -4.19723773 -4.19723773 -4.19723773 -4.19723773
 -4.31914051 -4.31914051 -4.31914051 -4.31914051 -4.31914051 -4.31914051
 -4.31914051 -4.31914051 -4.31914051 -4.31914051 -4.31914051 -4.31914051
 -4.31914051 -4.31914051 -4.31914051 -4.31914051 -4.31914051 -4.31914051
 -4.31914051 -4.31914051 -4.31914051 -4.31914051 -4.31914051 -4.31914051
 -4.31914051 -4.31914051 -4.31914051 -4.31914051 -4.33427854 -4.33427854
 -4.33427854 -4.33427854 -4.33427854 -4.33427854 -4.33427854 -4.33427854
 -4.33427854 -4.33427854 -4.33427854 -4.33427854 -4.33427854 -4.33427854
 -4.33427854 -4.33427854 -4.33427854 -4.33427854 -4.33427854 -4.33427854
 -4.33427854 -4.33427854 -4.33427854 -4.33427854 -4.33427854 -4.33427854
 -4.33427854 -4.33427854 -4.33427854 -4.33427854 -4.33427854 -4.33427854
 -4.33427854 -4.33427854 -4.33427854 -4.33427854 -4.33427854 -4.33427854
 -4.33427854 -4.33427854 -4.33427854 -4.33427854 -4.33427854 -4.33427854
 -4.33427854 -4.33427854 -4.33427854 -4.33427854 -4.33427854 -4.33427854
 -4.5146195  -4.5146195  -4.5146195  -4.5146195  -4.5146195  -4.5146195
 -4.5146195  -4.5146195  -4.5146195  -4.5146195  -4.5146195  -4.5146195
 -4.5146195  -4.5146195  -4.5146195  -4.5146195  -4.5146195  -4.5146195
 -4.5146195  -4.5146195  -4.5146195  -4.5146195  -4.5146195  -4.5146195
 -4.53849026 -4.53849026 -4.53849026 -4.53849026 -4.57844026 -4.57844026
 -4.57844026 -4.57844026 -4.57844026 -4.57844026 -4.57844026 -4.57844026
 -4.57844026 -4.57844026 -4.57844026 -4.69557766 -4.69557766 -4.69557766
 -4.69557766 -4.69557766 -4.69557766 -4.69557766 -4.70437334 -4.70437334
 -4.70437334 -4.70437334 -4.70437334 -4.70437334 -4.70437334 -4.70437334
 -4.70437334 -4.70437334 -4.70437334 -4.70437334 -4.70437334 -4.70437334
 -4.70437334 -4.70437334 -4.70437334 -4.70437334 -4.70437334 -4.70437334
 -4.70437334 -4.70437334 -4.70437334 -4.70437334 -4.70437334 -4.70437334
 -4.70437334 -4.70437334 -4.70437334 -4.70437334 -4.70437334 -4.70437334
 -4.70437334 -4.70437334 -4.70437334 -4.70437334 -4.70437334 -4.70437334
 -4.70437334 -4.70437334 -4.70437334 -4.70437334 -4.70437334 -4.70437334
 -4.70437334 -4.70437334 -4.70437334 -4.70437334 -4.70437334 -4.70437334
 -4.70437334]
[-1.08411339 -3.19714558 -3.19714558 -3.19714558 -3.19714558 -3.28003145
 -3.28003145 -3.28003145 -3.28952069 -3.33560525 -3.42795625 -3.42795625
 -3.69161602 -3.69161602 -3.69161602 -3.69161602 -3.69161602 -3.75751107
 -3.75751107 -3.78660737 -3.78660737 -3.78660737 -3.78660737 -3.78660737
 -3.78660737 -3.78660737 -3.78660737 -3.91928702 -3.91928702 -3.91928702
 -3.91928702 -3.91928702 -3.91928702 -3.91928702 -3.9590871  -3.9590871
 -3.9590871  -3.9590871  -3.9590871  -3.9590871  -3.9590871  -3.9590871
 -3.9590871  -4.37839864 -4.37839864 -4.37839864 -4.37839864 -4.37839864
 -4.37839864 -4.37839864 -4.37839864 -4.37839864 -4.37839864 -4.37839864
 -4.37839864 -4.37839864 -4.37839864 -4.37839864 -4.37839864 -4.37839864
 -4.37839864 -4.37839864 -4.37839864 -4.37839864 -4.37839864 -4.37839864
 -4.37839864 -4.37839864 -4.37839864 -4.41226697 -4.41226697 -4.41226697
 -4.41226697 -4.41226697 -4.41226697 -4.41226697 -4.41226697 -4.41226697
 -4.41226697 -4.41226697 -4.41226697 -4.41226697 -4.41226697 -4.41226697
 -4.41226697 -4.41226697 -4.41226697 -4.41226697 -4.41226697 -4.41226697
 -4.41226697 -4.41226697 -4.41226697 -4.41226697 -4.41226697 -4.41226697
 -4.41226697 -4.41226697 -4.41226697 -4.41226697 -4.41226697 -4.41226697
 -4.41226697 -4.41226697 -4.41226697 -4.41226697 -4.41226697 -4.41226697
 -4.41226697 -4.41226697 -4.41226697 -4.41226697 -4.41226697 -4.46875331
 -4.46875331 -4.46875331 -4.46875331 -4.46875331 -4.46875331 -4.46875331
 -4.46875331 -4.46875331 -4.46875331 -4.46875331 -4.46875331 -4.46875331
 -4.46875331 -4.46875331 -4.46875331 -4.46875331 -4.46875331 -4.46875331
 -4.46875331 -4.46875331 -4.46875331 -4.46875331 -4.46875331 -4.46875331
 -4.46875331 -4.46875331 -4.46875331 -4.46875331 -4.46875331 -4.46875331
 -4.46875331 -4.46875331 -4.46875331 -4.46875331 -4.46875331 -4.46875331
 -4.46875331 -4.46875331 -4.46875331 -4.46875331 -4.46875331 -4.46875331
 -4.46875331 -4.46875331 -4.46875331 -4.46875331 -4.46875331 -4.46875331
 -4.46875331 -4.46875331]
[-1.08411339 -3.05566111 -3.07605649 -3.1313196  -3.33900647 -3.33900647
 -3.41217458 -3.41217458 -3.46915569 -3.55801965 -3.55801965 -3.71282102
 -3.71282102 -3.71282102 -3.71282102 -3.71282102 -3.78418811 -3.78418811
 -3.78418811 -3.78418811 -3.78418811 -3.78418811 -3.91297546 -3.91297546
 -3.91297546 -3.91297546 -3.91297546 -3.91297546 -3.91297546 -3.91297546
 -3.91297546 -3.91297546 -3.91297546 -4.03540989 -4.03540989 -4.03540989
 -4.0512827  -4.0512827  -4.0512827  -4.0512827  -4.0512827  -4.0512827
 -4.0512827  -4.18472534 -4.18472534 -4.18472534 -4.18472534 -4.18472534
 -4.18472534 -4.18472534 -4.18472534 -4.18472534 -4.18472534 -4.18472534
 -4.18472534 -4.18472534 -4.18472534 -4.18472534 -4.18472534 -4.18472534
 -4.18472534 -4.18472534 -4.18472534 -4.18472534 -4.31202429 -4.31202429
 -4.31202429 -4.31202429 -4.31202429 -4.31202429 -4.31202429 -4.31202429
 -4.31202429 -4.31202429 -4.31202429 -4.31202429 -4.31202429 -4.31202429
 -4.31202429 -4.31202429 -4.59818962 -4.59818962 -4.59818962 -4.59818962
 -4.59818962 -4.59818962 -4.59818962 -4.59818962 -4.59818962 -4.59818962
 -4.59818962 -4.59818962 -4.59818962 -4.59818962 -4.59818962 -4.59818962
 -4.59818962 -4.59818962 -4.59818962 -4.59818962 -4.59818962 -4.59818962
 -4.59818962 -4.59818962 -4.59818962 -4.59818962 -4.59818962 -4.59818962
 -4.59818962 -4.59818962 -4.59818962 -4.59818962 -4.59818962 -4.59818962
 -4.59818962 -4.59818962 -4.59818962 -4.59818962 -4.59818962 -4.59818962
 -4.59818962 -4.59818962 -4.59818962 -4.59818962 -4.59818962 -4.59818962
 -4.59818962 -4.59818962 -4.59818962 -4.59818962 -4.59818962]
