[  84.21052632   84.21052632  168.42105263  505.26315789  505.26315789
  589.47368421  589.47368421  842.10526316 1094.73684211 1178.94736842
 1263.15789474 1347.36842105 1515.78947368 1600.         1600.
 1600.        ]
[   0.            0.           84.21052632  252.63157895  336.84210526
  421.05263158  673.68421053  673.68421053 1010.52631579 1010.52631579
 1178.94736842 1263.15789474 1347.36842105 1515.78947368]
[   0.            0.            0.           84.21052632  421.05263158
  505.26315789  589.47368421  757.89473684  842.10526316 1094.73684211
 1347.36842105 1347.36842105 1515.78947368 1600.        ]
[   0.            0.            0.           84.21052632   84.21052632
  421.05263158  505.26315789  842.10526316  926.31578947  926.31578947
  926.31578947 1178.94736842 1263.15789474 1515.78947368 1600.
 1600.        ]
[   0.           84.21052632   84.21052632  168.42105263  252.63157895
  252.63157895  673.68421053 1010.52631579 1010.52631579 1094.73684211
 1263.15789474 1347.36842105 1347.36842105 1515.78947368 1600.
 1600.        ]
