[-1.06807124 -2.94271567 -2.96012241 -3.38886583 -3.38886583 -3.38886583
 -3.38886583 -3.38886583 -3.39197451 -3.39197451 -3.39197451 -3.39197451
 -3.39197451 -3.39197451 -3.4947142  -3.4947142  -3.55666348 -3.55666348
 -3.55666348 -3.57917797 -3.57917797 -3.57917797 -3.57917797 -3.57917797
 -3.57917797 -3.57917797 -3.57917797 -3.57917797 -3.65484999 -3.65484999
 -3.74977259 -3.74977259 -3.74977259 -3.74977259 -3.74977259 -3.74977259
 -3.74977259 -3.74977259 -3.84447675 -3.84447675 -3.84447675 -3.84447675
 -3.84447675 -3.84447675 -3.84447675 -3.84447675 -3.84447675 -3.84447675
 -3.84447675 -3.84447675 -3.96845641 -3.96845641 -3.96845641 -3.96845641
 -3.96845641 -4.05694788 -4.05694788 -4.05694788 -4.05694788 -4.05694788
 -4.05694788 -4.05694788 -4.05694788 -4.05694788 -4.05694788 -4.05694788
 -4.05694788 -4.05694788 -4.05694788 -4.05694788 -4.05694788 -4.05694788
 -4.05694788 -4.05694788 -4.05694788 -4.05694788 -4.05694788 -4.05694788
 -4.05694788 -4.05694788 -4.05694788 -4.05694788 -4.18208872 -4.18208872
 -4.18208872 -4.18208872 -4.18208872 -4.18208872 -4.18208872 -4.18208872
 -4.18208872 -4.18208872 -4.24256962 -4.24256962 -4.24256962 -4.24256962
 -4.24256962 -4.24256962 -4.24256962 -4.24256962 -4.24256962 -4.24256962
 -4.24256962 -4.24256962 -4.24256962 -4.24256962 -4.24256962 -4.24256962
 -4.24256962 -4.24256962 -4.24256962 -4.24256962 -4.24256962 -4.24256962
 -4.24256962 -4.24256962 -4.24256962 -4.24256962 -4.24256962 -4.24256962
 -4.24256962 -4.24256962 -4.24256962 -4.24256962 -4.24256962 -4.24256962
 -4.24256962 -4.24256962 -4.2589622  -4.2589622  -4.2589622  -4.2589622
 -4.2589622  -4.2589622  -4.2589622  -4.2589622  -4.2589622  -4.2589622
 -4.2589622  -4.2589622  -4.2589622  -4.2589622  -4.2589622  -4.2589622
 -4.2589622  -4.27042688 -4.27042688 -4.27042688 -4.27042688 -4.28983142
 -4.28983142 -4.28983142 -4.28983142 -4.28983142 -4.28983142 -4.28983142
 -4.28983142 -4.28983142 -4.28983142 -4.28983142 -4.28983142 -4.28983142
 -4.28983142 -4.28983142 -4.28983142 -4.28983142 -4.28983142 -4.28983142
 -4.28983142 -4.28983142 -4.28983142 -4.28983142 -4.28983142 -4.28983142
 -4.28983142 -4.28983142 -4.28983142 -4.28983142 -4.28983142 -4.28983142
 -4.28983142 -4.28983142 -4.28983142 -4.28983142 -4.28983142 -4.28983142
 -4.28983142 -4.28983142 -4.28983142 -4.28983142 -4.28983142 -4.28983142
 -4.28983142 -4.28983142 -4.28983142 -4.28983142 -4.28983142 -4.28983142
 -4.28983142 -4.28983142]
[-1.06928123 -2.81013345 -3.06869025 -3.12920808 -3.2097303  -3.2097303
 -3.2097303  -3.26200484 -3.26200484 -3.26200484 -3.42462873 -3.42462873
 -3.42462873 -3.61173296 -3.61173296 -3.61173296 -3.61173296 -3.61173296
 -3.61173296 -3.61173296 -3.61173296 -3.61173296 -3.61173296 -3.61173296
 -3.61173296 -3.61173296 -3.61173296 -3.61173296 -3.61423704 -3.61423704
 -3.6464961  -3.6464961  -3.6464961  -3.75907143 -3.75907143 -3.75907143
 -3.75907143 -3.75907143 -3.75907143 -3.75907143 -3.80776665 -3.80776665
 -3.80776665 -3.80776665 -3.80776665 -3.80776665 -3.80776665 -3.80776665
 -3.80776665 -3.80776665 -3.80776665 -3.80776665 -3.80776665 -3.85975044
 -3.85975044 -3.85975044 -3.85975044 -3.85975044 -3.85975044 -3.85975044
 -3.85975044 -3.85975044 -3.85975044 -3.85975044 -3.85975044 -3.85975044
 -3.85975044 -3.85975044 -3.85975044 -3.85975044 -3.85975044 -3.85975044
 -3.85975044 -3.86110674 -3.86110674 -3.86110674 -3.86110674 -4.16898896
 -4.16898896 -4.16898896 -4.16898896 -4.16898896 -4.16898896 -4.16898896
 -4.16898896 -4.16898896 -4.16898896 -4.16898896 -4.16898896 -4.16898896
 -4.16898896 -4.16898896 -4.16898896 -4.16898896 -4.16898896 -4.16898896
 -4.16898896 -4.16898896 -4.16898896 -4.16898896 -4.16898896 -4.16898896
 -4.16898896 -4.16898896 -4.16898896 -4.16898896 -4.16898896 -4.16898896
 -4.16898896 -4.16898896 -4.16898896 -4.16898896 -4.33919981 -4.33919981
 -4.33919981 -4.35770248 -4.35770248 -4.35770248 -4.35770248 -4.35770248
 -4.35770248 -4.35770248 -4.35770248 -4.35770248 -4.35770248 -4.35770248
 -4.35770248 -4.35770248 -4.35770248 -4.35770248 -4.35770248 -4.35770248
 -4.35770248 -4.35770248 -4.35770248 -4.35770248 -4.35770248 -4.35770248
 -4.35770248 -4.35770248 -4.35770248 -4.35770248 -4.35770248 -4.35770248
 -4.35770248 -4.35770248 -4.35770248 -4.35770248 -4.35770248 -4.35770248
 -4.35770248 -4.35770248 -4.35770248 -4.35770248 -4.35770248 -4.35770248
 -4.35770248 -4.35770248 -4.35770248 -4.35770248 -4.35770248 -4.35770248
 -4.35770248 -4.35770248 -4.35770248 -4.35770248]
[-1.0694862  -2.67600926 -3.10405242 -3.4030949  -3.4030949  -3.4030949
 -3.4030949  -3.4030949  -3.4030949  -3.4030949  -3.4030949  -3.45016353
 -3.45016353 -3.45016353 -3.45016353 -3.61964748 -3.68675032 -3.68675032
 -3.729363   -3.729363   -3.729363   -3.729363   -3.729363   -3.729363
 -3.80043696 -3.80043696 -3.80043696 -3.80043696 -3.80043696 -3.80043696
 -3.80043696 -3.80043696 -3.80043696 -3.80043696 -3.80043696 -3.80043696
 -3.80043696 -3.80043696 -3.80043696 -3.80043696 -3.80043696 -3.80043696
 -3.80043696 -3.80043696 -3.88060002 -3.88060002 -3.88060002 -3.88060002
 -3.88060002 -3.88060002 -3.88316995 -3.88316995 -3.88316995 -3.88316995
 -3.88316995 -3.88316995 -3.88316995 -3.88316995 -3.88316995 -3.88316995
 -3.88316995 -3.88316995 -3.88316995 -3.88316995 -3.91998333 -3.91998333
 -3.91998333 -3.91998333 -3.91998333 -3.99391429 -4.01905767 -4.01905767
 -4.01905767 -4.01905767 -4.01905767 -4.01905767 -4.01905767 -4.21505802
 -4.21505802 -4.21505802 -4.21505802 -4.21505802 -4.52887275 -4.52887275
 -4.52887275 -4.52887275 -4.52887275 -4.52887275 -4.52887275 -4.52887275
 -4.52887275 -4.52887275 -4.52887275 -4.52887275 -4.52887275 -4.52887275
 -4.52887275 -4.52887275 -4.52887275 -4.52887275 -4.52887275 -4.52887275
 -4.52887275 -4.52887275 -4.52887275 -4.52887275 -4.52887275 -4.52887275
 -4.52887275 -4.52887275 -4.52887275 -4.52887275 -4.52887275 -4.52887275
 -4.52887275 -4.52887275 -4.52887275 -4.52887275 -4.52887275 -4.52887275
 -4.52887275 -4.52887275 -4.52887275 -4.52887275 -4.52887275 -4.52887275
 -4.52887275 -4.52887275 -4.52887275 -4.52887275 -4.52887275 -4.52887275
 -4.52887275]
[-1.0690282  -2.76967334 -2.76967334 -3.00659911 -3.08206602 -3.11905095
 -3.42737077 -3.42737077 -3.42737077 -3.42737077 -3.42737077 -3.42737077
 -3.42737077 -3.42737077 -3.42737077 -3.48415841 -3.50102504 -3.50102504
 -3.50102504 -3.50102504 -3.50102504 -3.50102504 -3.50102504 -3.50102504
 -3.96210163 -3.96210163 -3.96210163 -3.96210163 -3.96210163 -3.96210163
 -3.96210163 -3.96210163 -3.96210163 -3.96210163 -3.96210163 -3.96210163
 -3.96210163 -3.96210163 -3.96210163 -3.96210163 -3.96210163 -3.96210163
 -3.96210163 -3.96210163 -3.96210163 -3.96210163 -3.96210163 -3.96210163
 -3.96210163 -3.96210163 -3.96210163 -3.96210163 -3.96210163 -3.96210163
 -3.96210163 -3.96210163 -3.96210163 -3.96210163 -3.96210163 -3.96210163
 -3.96210163 -3.96210163 -3.96210163 -3.96210163 -4.09408643 -4.09408643
 -4.09408643 -4.09408643 -4.09408643 -4.09408643 -4.09408643 -4.09408643
 -4.09408643 -4.09408643 -4.09408643 -4.09408643 -4.09408643 -4.09408643
 -4.09408643 -4.09408643 -4.09408643 -4.09408643 -4.09408643 -4.09408643
 -4.09408643 -4.09408643 -4.09408643 -4.09408643 -4.09408643 -4.09408643
 -4.09408643 -4.09408643 -4.09408643 -4.09408643 -4.09408643 -4.09408643
 -4.09408643 -4.09408643 -4.09408643 -4.09408643 -4.09408643 -4.09408643
 -4.09408643 -4.09408643 -4.26629646 -4.26629646 -4.26629646 -4.26629646
 -4.26629646 -4.26629646 -4.26629646 -4.26629646 -4.26629646 -4.26629646
 -4.26629646 -4.26629646 -4.26629646 -4.26629646 -4.26629646 -4.26629646
 -4.26629646 -4.26629646 -4.26629646 -4.26629646 -4.26629646 -4.26629646
 -4.26629646 -4.26629646 -4.26629646 -4.26629646 -4.26629646 -4.26629646
 -4.26629646 -4.26629646 -4.26629646 -4.26629646 -4.26629646 -4.26629646
 -4.26629646 -4.26629646 -4.41484849 -4.41484849 -4.41484849 -4.41484849
 -4.41484849 -4.41484849 -4.41484849 -4.41484849 -4.41484849 -4.41484849
 -4.41484849 -4.41484849 -4.41484849 -4.41484849 -4.41484849 -4.41484849
 -4.41484849 -4.41484849 -4.41484849 -4.41484849 -4.41484849 -4.41484849
 -4.41484849 -4.41484849 -4.41484849 -4.41484849 -4.41484849 -4.41484849
 -4.41484849 -4.41484849 -4.41484849 -4.41484849 -4.41484849 -4.41484849
 -4.41484849 -4.41484849 -4.41484849 -4.41484849 -4.41484849 -4.41484849
 -4.41484849 -4.41484849 -4.41484849 -4.41484849 -4.41484849 -4.41484849
 -4.41484849 -4.41484849 -4.41484849 -4.41484849 -4.41484849]
[-1.06766974 -2.84032531 -2.97337229 -3.31232979 -3.34599444 -3.34599444
 -3.34599444 -3.42438587 -3.42438587 -3.42438587 -3.43747511 -3.98130126
 -3.98130126 -3.98130126 -3.98130126 -3.98130126 -3.98130126 -3.98130126
 -3.98130126 -3.98130126 -3.98130126 -3.98130126 -3.98130126 -3.98130126
 -3.98130126 -3.98130126 -3.98130126 -3.98130126 -3.98130126 -3.98130126
 -3.98130126 -3.98130126 -3.98130126 -3.98130126 -3.98130126 -3.98130126
 -3.98130126 -3.98130126 -3.98130126 -3.98130126 -3.98130126 -3.98130126
 -3.98130126 -3.98130126 -3.98130126 -3.98130126 -3.98130126 -3.98130126
 -3.98130126 -3.98130126 -3.98130126 -3.98130126 -3.98130126 -3.98130126
 -3.98130126 -3.98130126 -3.98130126 -3.98130126 -3.98130126 -3.98130126
 -3.98130126 -3.98130126]
