[2.29707279 2.16467917 2.16467917 2.14601693 2.14070967 2.14070967
 2.14070967 2.14070967 2.14070967 2.14070967 2.14070967 2.14070967
 2.14070967 2.14070967 2.14070967 2.14070967 2.14070967 2.14070967
 2.14070967 2.13503724 2.13503724 2.13503724 2.13503724 2.13503724
 2.13503724 2.13503724 2.13503724 2.13503724 2.13503724 2.13503724
 2.13503724 2.13503724 2.13503724 2.13503724 2.13503724 2.13503724
 2.13503724 2.13503724 2.13503724 2.13503724 2.13503724 2.13503724
 2.13503724 2.13503724 2.13503724 2.13503724 2.13503724 2.13503724
 2.13141086 2.13141086 2.13141086 2.13141086 2.13141086 2.13141086
 2.13141086 2.13141086 2.13141086 2.11884866 2.11884866 2.11884866
 2.11884866 2.11884866 2.11884866 2.09181253 2.09181253 2.09181253
 2.09181253 2.09181253 2.09181253 2.09181253 2.09181253 2.09181253
 2.09181253 2.09181253 2.09181253 2.09181253 2.09181253 2.09181253
 2.09181253 2.09181253 2.09181253 2.09181253 2.09181253 2.09181253
 2.09181253 2.09181253 2.09181253 2.09181253 2.09181253 2.09181253
 2.09181253 2.09181253 2.09181253 2.09181253 2.09181253 2.09181253
 2.09181253 2.09181253 2.09181253 2.09181253 2.09181253 2.09181253
 2.09181253 2.09181253 2.09181253 2.09181253 2.09181253 2.09181253
 2.09181253 2.09181253 2.09181253 2.09181253 2.09181253 2.09181253]
[2.29707279 2.18194255 2.16568725 2.16568725 2.16568725 2.16568725
 2.16568725 2.16568725 2.16568725 2.16508862 2.16508862 2.15548664
 2.14893995 2.14893995 2.14893995 2.14893995 2.14893995 2.14893995
 2.14893995 2.14893995 2.14893995 2.11805144 2.11805144 2.11805144
 2.11805144 2.11805144 2.11805144 2.11805144 2.11805144 2.11805144
 2.11805144 2.11805144 2.11805144 2.11805144 2.11805144 2.11805144
 2.11805144 2.11805144 2.11805144 2.11805144 2.11805144 2.11805144
 2.11805144 2.11805144 2.11805144 2.11805144 2.11805144 2.11805144
 2.11805144 2.11805144 2.11805144 2.11805144 2.11805144 2.11805144
 2.11805144 2.11805144 2.11805144 2.11805144 2.11805144 2.11805144
 2.11805144 2.11805144 2.11805144 2.11805144 2.11805144 2.11805144
 2.11805144 2.11805144 2.11805144 2.11805144 2.11805144 2.11805144]
[2.29707279 2.16196716 2.16196716 2.16196716 2.16196716 2.16196716
 2.16196716 2.16196716 2.16196716 2.16196716 2.16196716 2.15324351
 2.15324351 2.15324351 2.14971591 2.14971591 2.14971591 2.14971591
 2.14971591 2.14971591 2.14971591 2.14971591 2.14971591 2.14971591
 2.14971591 2.14971591 2.14971591 2.14374245 2.1436335  2.1436335
 2.1436335  2.1436335  2.1436335  2.1436335  2.13067148 2.13067148
 2.13067148 2.13067148 2.12734467 2.12734467 2.12734467 2.12734467
 2.12734467 2.11987815 2.11987815 2.11987815 2.11798779 2.11798779
 2.11798779 2.11798779 2.11798779 2.11798779 2.11798779 2.11798779
 2.11798779 2.11798779 2.11798779 2.11798779 2.11798779 2.11798779
 2.11798779 2.11798779 2.11798779 2.11798779 2.11798779 2.11798779
 2.11798779 2.11798779 2.11798779 2.11798779 2.11798779 2.11798779
 2.11798779 2.11798779 2.11798779 2.11798779 2.11798779 2.11798779
 2.11798779 2.11798779 2.11798779 2.11798779 2.11798779 2.11798779
 2.11798779 2.11798779 2.11798779 2.11798779 2.11798779 2.11798779
 2.11798779 2.11798779 2.11798779 2.11798779 2.11798779 2.11798779
 2.11798779]
[2.29707279 2.15057077 2.15057077 2.15057077 2.13277451 2.13277451
 2.13277451 2.13277451 2.13277451 2.13277451 2.13277451 2.13277451
 2.13277451 2.13277451 2.13277451 2.13277451 2.13277451 2.13277451
 2.13277451 2.13277451 2.13277451 2.13277451 2.13277451 2.13277451
 2.13277451 2.13277451 2.13277451 2.13277451 2.13277451 2.13277451
 2.13277451 2.13277451 2.13277451 2.13277451 2.13277451 2.13277451
 2.13277451 2.13277451 2.13277451 2.13277451 2.13277451 2.13277451
 2.13277451 2.13277451 2.13277451 2.13277451 2.13277451 2.13277451
 2.13277451 2.13277451 2.13277451 2.13277451 2.13277451 2.13277451
 2.13277451]
[2.29707279 2.159629   2.159629   2.159629   2.159629   2.159629
 2.159629   2.15266682 2.15266682 2.15266682 2.15266682 2.15266682
 2.15266682 2.15266682 2.15266682 2.15266682 2.15266682 2.15266682
 2.15266682 2.15266682 2.15266682 2.15266682 2.15266682 2.15189164
 2.15189164 2.15189164 2.15189164 2.15189164 2.15189164 2.15189164
 2.15189164 2.15047191 2.14371476 2.13831186 2.13831186 2.13831186
 2.13831186 2.13831186 2.13831186 2.13831186 2.13831186 2.13831186
 2.13831186 2.13831186 2.13831186 2.13831186 2.13831186 2.13831186
 2.13831186 2.13831186 2.13831186 2.13831186 2.13831186 2.13831186
 2.13754748 2.13421198 2.12660448 2.12660448 2.12660448 2.12660448
 2.12660448 2.12660448 2.12660448 2.12660448 2.12660448 2.12660448
 2.12660448 2.12660448 2.12660448 2.12660448 2.12660448 2.12660448
 2.1205824  2.1205824  2.1205824  2.1205824  2.1205824  2.1205824
 2.1205824  2.1205824  2.1205824  2.1205824  2.1205824  2.1205824
 2.1205824  2.1205824  2.1205824  2.1205824  2.1205824  2.1205824
 2.1205824  2.1205824  2.1205824  2.1205824  2.1205824  2.1205824
 2.1205824  2.1205824  2.1205824  2.1205824  2.1205824  2.1205824
 2.1205824  2.1205824  2.1205824  2.1205824  2.1205824  2.1205824
 2.10907535 2.10907535 2.10907535 2.10907535 2.10907535 2.10907535
 2.10907535 2.10907535 2.10907535 2.10907535 2.10907535 2.10907535
 2.10907535 2.10907535 2.10907535 2.10907535 2.10907535 2.10907535
 2.10907535 2.10907535 2.10907535 2.10907535 2.10907535 2.09326586
 2.09326586 2.09326586 2.09326586 2.09326586 2.09326586 2.09326586
 2.09326586 2.09326586 2.09326586 2.09326586 2.09326586 2.09326586
 2.09326586 2.09326586 2.09326586 2.09326586 2.09326586 2.09326586
 2.09326586 2.09326586 2.09326586 2.09326586 2.09326586 2.09326586
 2.09326586 2.09326586 2.09326586 2.09326586 2.09326586 2.09326586
 2.09326586 2.09326586 2.09326586 2.09326586 2.09326586 2.09326586
 2.09326586 2.09326586 2.09326586 2.09326586 2.09326586 2.09326586
 2.09326586 2.09326586 2.09326586 2.09326586 2.09326586 2.09326586
 2.09326586 2.09326586]
