[   0.         1515.78947368   84.21052632 1263.15789474  421.05263158
 1431.57894737    0.          336.84210526 1431.57894737]
[1010.52631579 1515.78947368  252.63157895  589.47368421 1515.78947368
  168.42105263  926.31578947   84.21052632 1515.78947368]
[ 589.47368421 1263.15789474   84.21052632  589.47368421 1515.78947368
 1600.            0.         1178.94736842  421.05263158  757.89473684
    0.         1094.73684211 1515.78947368]
[ 757.89473684 1431.57894737   84.21052632 1178.94736842    0.
 1515.78947368  673.68421053 1094.73684211  168.42105263  589.47368421
 1431.57894737]
[ 252.63157895    0.         1600.          673.68421053 1263.15789474
 1600.          252.63157895    0.          757.89473684  168.42105263
 1600.        ]
