[ 505.26315789 1094.73684211    0.            0.         1010.52631579
  421.05263158 1515.78947368  168.42105263 1094.73684211 1347.36842105
    0.          505.26315789 1010.52631579  421.05263158 1263.15789474
 1515.78947368]
[   0.          252.63157895  505.26315789    0.         1347.36842105
  505.26315789  252.63157895 1178.94736842  336.84210526 1178.94736842
 1431.57894737 1010.52631579 1600.         1094.73684211]
[ 421.05263158  673.68421053  926.31578947    0.          421.05263158
 1347.36842105  926.31578947 1178.94736842  336.84210526 1263.15789474
 1010.52631579 1263.15789474  336.84210526 1515.78947368]
[ 757.89473684 1010.52631579 1263.15789474  421.05263158 1515.78947368
 1600.         1263.15789474 1263.15789474   84.21052632  336.84210526
  757.89473684 1431.57894737 1010.52631579 1347.36842105  926.31578947
 1600.        ]
[ 336.84210526    0.         1094.73684211  757.89473684  421.05263158
 1600.          505.26315789  168.42105263  926.31578947  589.47368421
   84.21052632  589.47368421 1094.73684211 1515.78947368  336.84210526
 1010.52631579]
