[   0.         1010.52631579  673.68421053 1600.          168.42105263
  421.05263158 1263.15789474   84.21052632  926.31578947  421.05263158
 1600.         1178.94736842    0.          252.63157895 1600.
 1263.15789474 1010.52631579  589.47368421   84.21052632 1515.78947368]
[ 589.47368421  336.84210526 1515.78947368    0.          505.26315789
    0.          842.10526316 1600.         1263.15789474  336.84210526
  589.47368421 1431.57894737    0.          673.68421053 1600.
 1010.52631579    0.         1600.          421.05263158 1178.94736842]
[   0.          336.84210526 1515.78947368 1010.52631579 1263.15789474
  252.63157895 1515.78947368 1263.15789474    0.          252.63157895
 1600.          589.47368421 1178.94736842    0.          673.68421053
  926.31578947 1600.         1094.73684211    0.         1347.36842105
  168.42105263  421.05263158  926.31578947 1600.        ]
[1010.52631579    0.         1600.          505.26315789  252.63157895
  757.89473684    0.         1178.94736842  252.63157895 1600.
 1263.15789474   84.21052632  673.68421053 1515.78947368  168.42105263
  926.31578947    0.         1010.52631579 1600.          252.63157895
 1431.57894737]
[   0.          757.89473684 1178.94736842 1431.57894737    0.
 1600.          336.84210526 1431.57894737  673.68421053  926.31578947
 1515.78947368  336.84210526  757.89473684 1347.36842105    0.
  589.47368421  926.31578947    0.         1178.94736842 1431.57894737]
