[  0.           0.           0.           0.         266.66666667
 266.66666667 266.66666667 266.66666667 533.33333333 533.33333333
 533.33333333 533.33333333 800.         800.         800.
 800.        ]
[  0.           0.           0.           0.         266.66666667
 266.66666667 266.66666667 444.44444444 533.33333333 533.33333333
 533.33333333 800.         800.         800.         800.        ]
[  0.           0.           0.           0.         266.66666667
 266.66666667 266.66666667 266.66666667 533.33333333 533.33333333
 533.33333333 533.33333333 800.         800.         800.
 800.        ]
[  0.           0.           0.           0.         266.66666667
 266.66666667 266.66666667 266.66666667 533.33333333 533.33333333
 533.33333333 533.33333333 800.         800.         800.
 800.        ]
[  0.           0.           0.           0.         266.66666667
 266.66666667 266.66666667 266.66666667 533.33333333 533.33333333
 533.33333333 533.33333333 800.         800.         800.
 800.        ]
[  0.           0.           0.           0.         266.66666667
 266.66666667 266.66666667 266.66666667 533.33333333 533.33333333
 533.33333333 533.33333333 800.         800.         800.
 800.        ]
[  0.           0.           0.           0.         266.66666667
 266.66666667 266.66666667 266.66666667 533.33333333 533.33333333
 533.33333333 800.         800.         800.         800.        ]
[  0.           0.           0.           0.         266.66666667
 266.66666667 266.66666667 266.66666667 533.33333333 533.33333333
 533.33333333 533.33333333 800.         800.         800.
 800.        ]
[  0.           0.           0.           0.         266.66666667
 266.66666667 266.66666667 266.66666667 533.33333333 533.33333333
 533.33333333 533.33333333 800.         800.         800.
 800.        ]
[  0.           0.           0.           0.         266.66666667
 266.66666667 266.66666667 266.66666667 533.33333333 533.33333333
 533.33333333 533.33333333 800.         800.         800.
 800.        ]
