[  0.         266.66666667 533.33333333 800.           0.
 266.66666667 533.33333333 800.           0.         266.66666667
 533.33333333 800.           0.         266.66666667 533.33333333
 800.        ]
[  0.         266.66666667 533.33333333 800.         177.77777778
 533.33333333 800.           0.         266.66666667 533.33333333
 800.           0.         266.66666667 533.33333333 800.        ]
[  0.         266.66666667 533.33333333 800.           0.
 266.66666667 533.33333333 800.           0.         266.66666667
 533.33333333 800.           0.         266.66666667 533.33333333
 800.        ]
[  0.         266.66666667 533.33333333 800.           0.
 266.66666667 533.33333333 800.           0.         266.66666667
 533.33333333 800.           0.         266.66666667 533.33333333
 800.        ]
[  0.         266.66666667 533.33333333 800.           0.
 266.66666667 533.33333333 800.           0.         266.66666667
 533.33333333 800.           0.         266.66666667 533.33333333
 800.        ]
[  0.         266.66666667 533.33333333 800.           0.
 266.66666667 533.33333333 800.           0.         266.66666667
 533.33333333 800.           0.         266.66666667 533.33333333
 800.        ]
[  0.         266.66666667 533.33333333 800.           0.
 266.66666667 533.33333333 800.         177.77777778 533.33333333
 800.           0.         266.66666667 533.33333333 800.        ]
[  0.         266.66666667 533.33333333 800.           0.
 266.66666667 533.33333333 800.           0.         266.66666667
 533.33333333 800.           0.         266.66666667 533.33333333
 800.        ]
[  0.         266.66666667 533.33333333 800.           0.
 266.66666667 533.33333333 800.           0.         266.66666667
 533.33333333 800.           0.         266.66666667 533.33333333
 800.        ]
[  0.         266.66666667 533.33333333 800.           0.
 266.66666667 533.33333333 800.           0.         266.66666667
 533.33333333 800.           0.         266.66666667 533.33333333
 800.        ]
