[-0.76205265 -0.86729457 -1.08622101 -1.14642647 -1.14642647 -1.14642647
 -1.14642647 -1.14642647 -1.19316793 -1.19316793 -1.2058788  -1.2058788
 -1.2569185  -1.2569185  -1.33310041 -1.33310041 -1.35395285 -1.35395285
 -1.35395285 -1.35395285 -1.41778233 -1.4758184  -1.4758184  -1.4758184
 -1.4758184  -1.49404596 -1.49404596 -1.60138866 -1.60138866 -1.60138866
 -1.60138866 -1.60138866 -1.60138866 -1.60138866 -1.63737498 -1.63737498
 -1.63737498 -1.63737498 -1.63737498 -1.63737498 -1.63737498 -1.63737498
 -1.6667555  -1.6667555  -1.6667555  -1.68130315 -1.68130315 -1.68130315
 -1.68130315 -1.68130315 -1.68130315 -1.68130315 -1.68130315 -1.68130315
 -1.68130315 -1.68130315 -1.70305148 -1.70305148 -1.79465075 -1.79465075
 -1.79465075 -1.79465075 -1.79465075 -1.79465075 -1.79465075 -1.79465075
 -1.79465075 -1.79465075 -1.89313787 -1.89313787 -1.89313787 -1.89313787
 -1.89313787 -1.89313787 -1.89313787 -1.89313787 -1.89313787 -1.89313787
 -1.89313787 -1.89313787 -1.89313787 -1.89313787 -1.89313787 -1.89313787
 -1.89313787 -1.89313787 -1.89313787 -1.89313787 -1.89313787 -1.89313787
 -1.89313787 -1.89313787 -1.89313787 -1.89313787 -1.89313787 -1.89313787
 -1.89313787 -1.89705612 -1.89705612 -1.89705612 -1.89705612 -1.89705612
 -1.89705612 -1.89705612 -1.89705612 -1.89705612 -1.89705612 -1.89705612
 -1.89705612 -1.89705612 -1.89705612 -1.89705612 -1.89705612 -1.89705612
 -1.89705612 -1.89705612 -1.89705612 -1.89705612 -1.89705612 -1.89705612
 -1.89896538 -1.91988581 -1.91988581 -1.91988581 -1.91988581 -1.91988581
 -1.91988581 -1.91988581 -1.91988581 -1.93976445 -1.93976445 -1.93976445
 -1.93976445 -1.93976445 -1.93976445 -1.93976445 -1.93976445 -1.93976445
 -1.94815649 -1.94815649 -1.94815649 -1.94815649 -1.94815649 -1.94815649
 -1.94815649 -1.94815649 -1.94815649 -1.94815649 -1.94815649 -1.94815649
 -1.94815649 -1.94815649 -1.94815649 -1.94815649 -1.94815649 -1.94815649
 -1.94815649 -1.94815649 -1.94815649 -1.94815649 -1.94815649 -1.94815649
 -1.9762309  -1.9762309  -1.9762309  -1.9762309  -1.9762309  -1.9762309
 -1.9762309  -1.9762309  -1.9762309  -1.9762309  -1.9762309  -1.9762309
 -1.9762309  -1.9762309  -1.9762309  -1.9762309  -1.9762309  -1.9762309
 -1.9762309  -1.9762309  -1.9762309  -1.9762309  -1.9762309  -1.9762309
 -1.9762309  -1.9762309  -1.9762309  -1.9762309  -1.9762309  -1.9762309
 -1.9762309  -1.9762309  -1.9762309  -1.9762309  -1.9762309  -1.9762309
 -1.9762309  -1.9762309  -1.9762309  -1.9762309  -1.9762309  -1.9762309
 -1.9762309  -1.9762309  -1.9762309  -1.9762309  -1.9762309  -1.9762309
 -1.9762309  -1.9762309  -1.9762309 ]
[-0.76205276 -0.94529862 -0.96766544 -1.07437116 -1.13485601 -1.13485601
 -1.13485601 -1.17357147 -1.22425704 -1.22425704 -1.22425704 -1.4167389
 -1.4167389  -1.4167389  -1.4167389  -1.4167389  -1.4167389  -1.4167389
 -1.4167389  -1.4167389  -1.4167389  -1.4167389  -1.4167389  -1.43899376
 -1.43899376 -1.5421839  -1.5421839  -1.5421839  -1.5421839  -1.5421839
 -1.5421839  -1.5421839  -1.5421839  -1.55210021 -1.70522181 -1.70522181
 -1.70522181 -1.70522181 -1.70522181 -1.70522181 -1.70522181 -1.70522181
 -1.70522181 -1.70522181 -1.70522181 -1.70522181 -1.72334618 -1.72334618
 -1.72629572 -1.72629572 -1.72629572 -1.72629572 -1.72629572 -1.72629572
 -1.73664456 -1.73664456 -1.74558354 -1.74558354 -1.80182878 -1.80182878
 -1.80679693 -1.80679693 -1.80679693 -1.80679693 -1.80679693 -1.85514422
 -1.85514422 -1.85514422 -1.85514422 -1.85514422 -1.85514422 -1.85514422
 -1.87118998 -1.87118998 -1.95042653 -1.95042653 -1.95042653 -1.95042653
 -1.95042653 -1.95042653 -1.95042653 -1.95042653 -1.95042653 -1.95042653
 -1.95042653 -1.95042653 -1.95042653 -1.95042653 -1.95042653 -1.98909283
 -1.98909283 -1.98909283 -1.98909283 -1.98909283 -1.98909283 -1.98909283
 -1.98909283 -1.98909283 -1.98909283 -1.98909283 -1.98909283 -1.98909283
 -1.98909283 -1.98909283 -1.98909283 -1.98909283 -1.98909283 -1.98909283
 -1.98909283 -1.98909283 -1.98909283 -1.98909283 -1.98909283 -1.98909283
 -1.98909283 -1.98909283 -1.99811154 -1.99811154 -1.99811154 -1.99811154
 -1.99811154 -1.99811154 -2.03399454 -2.03399454 -2.03399454 -2.03399454
 -2.03399454 -2.03399454 -2.03399454 -2.03399454 -2.03399454 -2.03399454
 -2.03399454 -2.03399454 -2.03399454 -2.03399454 -2.03399454 -2.03399454
 -2.03399454 -2.03399454 -2.03399454 -2.03399454 -2.03399454 -2.03399454
 -2.03399454 -2.03399454 -2.03399454 -2.03399454 -2.03399454 -2.03399454
 -2.03399454 -2.03399454 -2.03399454 -2.03399454 -2.03399454 -2.03399454
 -2.03399454 -2.03399454 -2.03399454 -2.03399454 -2.03399454 -2.03399454
 -2.03399454 -2.03399454 -2.03399454 -2.03399454 -2.03399454 -2.03399454
 -2.03399454 -2.03399454 -2.03399454 -2.03399454 -2.03399454]
[-0.76205275 -0.91179931 -0.92804848 -0.96486649 -0.96486649 -1.05107486
 -1.05107486 -1.14449048 -1.14449048 -1.14449048 -1.32297717 -1.32297717
 -1.32297717 -1.32297717 -1.32297717 -1.32297717 -1.32297717 -1.55562762
 -1.55562762 -1.55562762 -1.55562762 -1.55562762 -1.55562762 -1.55562762
 -1.55562762 -1.55562762 -1.55562762 -1.55562762 -1.55562762 -1.55562762
 -1.55562762 -1.55562762 -1.55562762 -1.70547536 -1.70547536 -1.70547536
 -1.74995447 -1.74995447 -1.74995447 -1.74995447 -1.74995447 -1.74995447
 -1.74995447 -1.74995447 -1.75119421 -1.75119421 -1.75119421 -1.75119421
 -1.75119421 -1.75119421 -1.75119421 -1.75840969 -1.75840969 -1.75840969
 -1.75840969 -1.75840969 -1.75840969 -1.76681736 -1.76681736 -1.76681736
 -1.76681736 -1.76681736 -1.77101492 -1.77101492 -1.79460711 -1.8130158
 -1.8130158  -1.8130158  -1.8130158  -1.81499299 -1.81499299 -1.81499299
 -1.81499299 -1.81499299 -1.81499299 -1.81499299 -1.81499299 -1.81569794
 -1.81569794 -1.81569794 -1.81569794 -1.81569794 -1.81569794 -1.81569794
 -1.82376467 -1.82376467 -1.82376467 -1.82376467 -1.90422894 -1.90422894
 -1.90422894 -1.90422894 -1.90530712 -1.90530712 -1.90530712 -1.90530712
 -1.90530712 -1.90530712 -1.90530712 -1.90530712 -1.90530712 -1.90530712
 -1.90530712 -1.90530712 -1.90530712 -1.90530712 -1.90530712 -1.90530712
 -1.90530712 -1.90530712 -1.90530712 -1.94568404 -1.94568404 -1.94568404
 -1.94568404 -1.94568404 -1.94568404 -1.94568404 -1.94568404 -1.94568404
 -1.94568404 -1.94568404 -1.94568404 -1.94568404 -1.94568404 -1.94568404
 -1.94568404 -1.94568404 -1.94568404 -1.94568404 -1.94573478 -1.94573478
 -1.97837377 -1.97837377 -1.97837377 -1.97837377 -1.97837377 -1.97837377
 -1.97837377 -1.97837377 -1.97837377 -1.97837377 -1.97837377 -1.97837377
 -1.97837377 -1.97837377 -1.97837377 -1.97837377 -1.97837377 -1.97837377
 -1.97837377 -1.97837377 -1.97837377 -1.97837377 -1.97837377 -1.99532824
 -1.99532824 -1.99532824 -1.99532824 -1.99532824 -1.99532824 -1.99532824
 -2.03399454 -2.03399454 -2.03399454 -2.03399454 -2.03399454 -2.03399454
 -2.03399454 -2.03399454 -2.03399454 -2.03399454 -2.03399454 -2.03399454
 -2.03399454 -2.03399454 -2.03399454 -2.03399454 -2.03399454 -2.03399454
 -2.03399454 -2.03399454 -2.03399454 -2.03399454 -2.03399454 -2.03399454
 -2.03399454 -2.03399454 -2.03399454 -2.03399454 -2.03399454 -2.03399454
 -2.03399454 -2.03399454 -2.03399454 -2.03399454 -2.03399454 -2.03399454
 -2.03399454 -2.03399454 -2.03399454 -2.03399454 -2.03399454 -2.03399454
 -2.03399454 -2.03399454 -2.03399454 -2.03399454 -2.03399454 -2.03399454
 -2.03399454 -2.03399454 -2.03399454]
[-0.7620405  -0.95033655 -1.05866011 -1.06465382 -1.07985658 -1.12644537
 -1.12644537 -1.12644537 -1.23309203 -1.23309203 -1.26161231 -1.31490973
 -1.31490973 -1.31490973 -1.31490973 -1.33945804 -1.39370636 -1.39370636
 -1.39370636 -1.39370636 -1.42202728 -1.42202728 -1.42202728 -1.66347923
 -1.66347923 -1.66347923 -1.66347923 -1.66347923 -1.66347923 -1.66347923
 -1.66347923 -1.66347923 -1.66347923 -1.66347923 -1.66347923 -1.66347923
 -1.66347923 -1.66347923 -1.66347923 -1.66347923 -1.66347923 -1.66347923
 -1.66347923 -1.66347923 -1.66347923 -1.66347923 -1.66347923 -1.66347923
 -1.66347923 -1.66347923 -1.67946345 -1.67946345 -1.70568355 -1.70568355
 -1.70568355 -1.70568355 -1.70568355 -1.74447936 -1.74447936 -1.74447936
 -1.74447936 -1.74447936 -1.74447936 -1.74447936 -1.74447936 -1.74447936
 -1.76617437 -1.79466004 -1.79466004 -1.79466004 -1.79466004 -1.79466004
 -1.79466004 -1.79466004 -1.79466004 -1.79466004 -1.79466004 -1.79466004
 -1.79466004 -1.79466004 -1.79466004 -1.83012239 -1.83012239 -1.83012239
 -1.83012239 -1.83012239 -1.83012239 -1.83012239 -1.83012239 -1.83012239
 -1.83012239 -1.83012239 -1.83012239 -1.83012239 -1.83012239 -1.83012239
 -1.83012239 -1.83012239 -1.83012239 -1.83012239 -1.83012239 -1.83012239
 -1.83012239 -1.83012239 -1.83012239 -1.83012239 -1.83012239 -1.83012239
 -1.83012239 -1.83012239 -1.83012239 -1.83012239 -1.83012239 -1.83012239
 -1.83012239 -1.84459759 -1.84459759 -1.84459759 -1.84459759 -1.84459759
 -1.84459759 -1.84459759 -1.84459759 -1.84459759 -1.84459759 -1.84459759
 -1.84459759 -1.84459759 -1.84459759 -1.84459759 -1.84459759 -1.84459759
 -1.84459759 -1.84459759 -1.84459759 -1.84459759 -1.84459759 -1.84459759
 -1.84459759 -1.84459759 -1.84459759 -1.84459759 -1.89517209 -1.89517209
 -1.89517209 -1.89517209 -1.89517209 -1.89517209 -1.89517209 -1.89517209
 -1.89517209 -1.89517209 -1.89517209 -1.89517209 -1.89517209 -1.89517209
 -1.89517209 -1.89517209 -1.89517209 -1.89517209 -1.89517209 -1.89517209
 -1.89517209 -1.89517209 -1.89517209 -1.89517209 -1.89517209 -1.89517209
 -1.90512709 -1.90512709 -1.90512709 -1.90512709 -1.90512709 -1.90512709
 -1.90512709 -1.90512709 -1.90512709 -1.90512709 -1.90512709 -1.90512709
 -1.90512709 -1.90512709 -1.90512709 -1.90512709 -1.90512709 -1.90512709
 -1.90512709 -1.90512709 -1.90512709 -1.90512709 -1.90512709 -1.90512709
 -1.90512709 -1.90512709 -1.90512709 -1.90512709 -1.90512709 -1.90512709
 -1.90512709 -1.90512709 -1.90512709 -1.90512709 -1.90512709 -1.90512709
 -1.90512709 -1.90512709 -1.90512709 -1.90512709 -1.90512709 -1.90512709
 -1.90512709 -1.90512709 -1.90512709 -1.90512709 -1.90512709 -1.90512709
 -1.90512709 -1.90512709 -1.90512709]
[-0.76205265 -0.94978566 -1.12661772 -1.12661772 -1.12661772 -1.12661772
 -1.27411565 -1.27411565 -1.27411565 -1.27411565 -1.27411565 -1.27411565
 -1.33709401 -1.33709401 -1.33709401 -1.33709401 -1.33709401 -1.37507276
 -1.37507276 -1.44612918 -1.44612918 -1.44612918 -1.44612918 -1.44612918
 -1.44612918 -1.44612918 -1.44612918 -1.44612918 -1.46282855 -1.46927391
 -1.60321259 -1.60321259 -1.60321259 -1.60321259 -1.60321259 -1.60321259
 -1.60321259 -1.60321259 -1.60321259 -1.64673908 -1.64673908 -1.64673908
 -1.64673908 -1.64673908 -1.64673908 -1.64673908 -1.64673908 -1.70572352
 -1.70572352 -1.71572053 -1.71572053 -1.71572053 -1.71572053 -1.71572053
 -1.71572053 -1.71572053 -1.71572053 -1.71572053 -1.71572053 -1.71572053
 -1.71572053 -1.71572053 -1.71572053 -1.71572053 -1.71572053 -1.71572053
 -1.71572053 -1.71572053 -1.73961186 -1.73961186 -1.73961186 -1.75044595
 -1.75044595 -1.78653521 -1.78653521 -1.78653521 -1.78653521 -1.78653521
 -1.78653521 -1.78653521 -1.78653521 -1.78653521 -1.78653521 -1.78653521
 -1.78653521 -1.78653521 -1.78653521 -1.78653521 -1.78653521 -1.83341709
 -1.83341709 -1.83341709 -1.83341709 -1.86481636 -1.86481636 -1.86481636
 -1.86481636 -1.86481636 -1.86481636 -1.86481636 -1.86481636 -1.86481636
 -1.86481636 -1.86481636 -1.86481636 -1.88260299 -1.88260299 -1.88260299
 -1.88260299 -1.88260299 -1.88260299 -1.9123593  -1.9123593  -1.9123593
 -1.9123593  -1.9123593  -1.9123593  -1.9123593  -1.9123593  -1.9123593
 -1.9123593  -1.9123593  -1.9123593  -1.9123593  -1.9123593  -1.9123593
 -1.94815649 -1.94815649 -1.94815649 -1.94815649 -1.94815649 -1.94815649
 -1.94815649 -1.94815649 -1.98189789 -1.98189789 -1.98189789 -1.98189789
 -1.98189789 -1.98189789 -1.98189789 -1.98189789 -1.98189789 -1.98189789
 -1.98189789 -1.98189789 -1.98189789 -1.98189789 -1.98189789 -1.98189789
 -1.98189789 -1.98189789 -1.98189789 -1.98189789 -1.98189789 -1.98189789
 -1.98189789 -1.98189789 -1.98189789 -1.98189789 -1.98189789 -1.98189789
 -1.98189789 -1.98189789 -1.98189789 -1.98189789 -1.98189789 -1.98189789
 -1.98189789 -1.98189789 -1.98189789 -1.98189789 -1.98189789 -1.98189789
 -1.98189789 -1.98189789 -1.98189789 -1.98189789 -1.98189789 -1.98189789
 -1.98189789 -1.98189789 -1.98189789 -1.98189789 -1.98189789]
[-0.76205273 -0.94647475 -1.002293   -1.002293   -1.13398341 -1.13398341
 -1.14482439 -1.14482439 -1.3533291  -1.3533291  -1.3533291  -1.3533291
 -1.3533291  -1.3533291  -1.3533291  -1.3533291  -1.3533291  -1.3533291
 -1.3533291  -1.45777774 -1.50566172 -1.50566172 -1.50566172 -1.50566172
 -1.50566172 -1.50566172 -1.54111309 -1.54111309 -1.54111309 -1.54150937
 -1.54150937 -1.54150937 -1.54150937 -1.54150937 -1.54150937 -1.54150937
 -1.56768092 -1.56768092 -1.643715   -1.643715   -1.643715   -1.643715
 -1.64800726 -1.64800726 -1.64800726 -1.67635864 -1.73260563 -1.73260563
 -1.73260563 -1.73260563 -1.73260563 -1.73260563 -1.73260563 -1.79306615
 -1.79306615 -1.79306615 -1.79306615 -1.79306615 -1.79306615 -1.79306615
 -1.79306615 -1.80034614 -1.83730929 -1.83730929 -1.83730929 -1.87606283
 -1.87606283 -1.87606283 -1.87606283 -1.87606283 -1.87606283 -1.87606283
 -1.87606283 -1.87606283 -1.87606283 -1.87606283 -1.87606283 -1.87606283
 -1.87606283 -1.87606283 -1.87606283 -1.87606283 -1.87606283 -1.87606283
 -1.87606283 -1.89317941 -1.89317941 -1.89317941 -1.89317941 -1.89317941
 -1.9066073  -1.9066073  -1.9066073  -1.94370368 -1.94370368 -1.94370368
 -1.94617216 -1.94617216 -1.94617216 -1.94617216 -1.94617216 -1.94617216
 -1.94617216 -1.94617216 -1.94617216 -1.94617216 -1.94617216 -1.94617216
 -1.94617216 -1.94617216 -1.94617216 -1.94617216 -1.94617216 -1.94617216
 -1.94617216 -1.94617216 -1.94617216 -1.94617216 -1.94617216 -1.94617216
 -1.94617216 -1.94617216 -1.94617216 -1.94617216 -1.94617216 -1.94617216
 -1.94617216 -1.94617216 -1.94617216 -1.94617216 -1.94617216 -1.94617216
 -1.94617216 -1.94617216 -1.94617216 -1.94617216 -1.94617216 -1.94617216
 -1.94617216 -1.94617216 -1.94617216 -1.94617216 -1.94632085 -1.94632085
 -1.94632085 -1.94632085 -1.94632085 -1.94632085 -1.94632085 -1.94632085
 -1.94632085 -1.94632085 -1.94632085 -1.94632085 -1.94632085 -1.94632085
 -1.94632085 -1.94632085 -1.94632085 -1.94632085 -1.94632085 -1.94632085
 -1.94632085 -1.94632085 -1.94632085 -1.94632085 -1.94632085 -1.94632085
 -1.94632085 -1.94632085 -1.94632085 -1.94632085 -1.94632085 -1.94632085
 -1.95370146 -1.95370146 -1.95370146 -1.95370146 -1.95370146 -1.95370146
 -1.95370146 -1.95370146 -1.95370146 -1.95370146 -1.95370146 -1.95370146
 -1.95370146 -1.95370146 -1.95370146 -1.95370146 -1.95370146 -1.95370146
 -1.95370146 -1.95370146 -1.95370146 -1.95370146 -1.95370146 -1.95370146
 -1.95370146 -1.95370146 -1.95370146 -1.95370146 -1.95370146 -1.95370146
 -1.95370146 -1.95370146 -1.95370146 -1.95370146 -1.95370146 -1.95370146
 -1.95370146 -1.95370146 -1.95370146 -1.95370146 -1.95370146 -1.95370146
 -1.95370146 -1.95370146 -1.95370146 -1.95370146 -1.95370146 -1.95370146
 -1.95370146 -1.95370146 -1.95370146]
[-0.76205136 -0.97268679 -1.03927951 -1.05767953 -1.11373574 -1.14914778
 -1.14914778 -1.14914778 -1.14914778 -1.14914778 -1.22125314 -1.22125314
 -1.22125314 -1.22125314 -1.28457859 -1.36977821 -1.37434222 -1.41009218
 -1.41009218 -1.41009218 -1.41009218 -1.41009218 -1.41009218 -1.41009218
 -1.41842575 -1.41842575 -1.49022942 -1.49022942 -1.49022942 -1.50041686
 -1.50041686 -1.50571319 -1.5433199  -1.56264115 -1.56264115 -1.56264115
 -1.56530198 -1.64269991 -1.7491235  -1.7491235  -1.7491235  -1.7491235
 -1.7491235  -1.7491235  -1.7491235  -1.7491235  -1.7491235  -1.7491235
 -1.7491235  -1.7491235  -1.7491235  -1.75598538 -1.75598538 -1.75598538
 -1.75598538 -1.75598538 -1.75598538 -1.75598538 -1.75598538 -1.76425948
 -1.76425948 -1.76425948 -1.76801219 -1.8098975  -1.8098975  -1.86181076
 -1.86181076 -1.86181076 -1.86181076 -1.86181076 -1.86181076 -1.86181076
 -1.86181076 -1.86181076 -1.86181076 -1.86181076 -1.86181076 -1.87753159
 -1.87753159 -1.87753159 -1.87753159 -1.87753159 -1.87753159 -1.87753159
 -1.87753159 -1.87753159 -1.87989164 -1.87989164 -1.87989164 -1.87989164
 -1.87989164 -1.87989164 -1.87989164 -1.87989164 -1.87989164 -1.87989164
 -1.87989164 -1.87989164 -1.87989164 -1.87989164 -1.87989164 -1.87989164
 -1.89754213 -1.89754213 -1.92721575 -1.92721575 -1.92721575 -1.92721575
 -1.94370368 -1.99811134 -1.99811134 -1.99811134 -1.99811134 -1.99811134
 -1.99811134 -1.99811134 -1.99811134 -1.99811134 -1.99811134 -1.99811134
 -1.99811134 -1.99811134 -1.99811134 -1.99811134 -1.99811134 -1.99811134
 -1.99811134 -1.99811134 -1.99811134 -1.99811134 -1.99811134 -1.99811134
 -1.99811134 -1.99811134 -1.99811134 -1.99811134 -1.99811134 -1.99811134
 -1.99811134 -1.99811134 -1.99811134 -1.99811134 -1.99811134 -1.99811134
 -1.99811134 -1.99811134 -1.99811134 -1.99811134 -1.99811134 -1.99811134
 -1.99811134 -1.99811134 -1.99811134 -1.99811134 -1.99811134 -1.99811134
 -1.99811134 -1.99811134 -1.99811134 -1.99811134]
[-0.76205273 -0.93766635 -0.93766635 -1.11076643 -1.11076643 -1.11076643
 -1.1927152  -1.1927152  -1.1927152  -1.31302948 -1.31302948 -1.31302948
 -1.31302948 -1.34887184 -1.437772   -1.437772   -1.437772   -1.437772
 -1.437772   -1.437772   -1.437772   -1.52286294 -1.52286294 -1.52286294
 -1.52286294 -1.52286294 -1.52286294 -1.52286294 -1.52286294 -1.52286294
 -1.52286294 -1.52286294 -1.52286294 -1.52286294 -1.54087578 -1.56894676
 -1.56894676 -1.56894676 -1.58932087 -1.58932087 -1.58932087 -1.58932087
 -1.58932087 -1.63394372 -1.63394372 -1.655322   -1.655322   -1.71830858
 -1.71830858 -1.71830858 -1.71830858 -1.71830858 -1.71830858 -1.71830858
 -1.71830858 -1.71830858 -1.75498712 -1.75498712 -1.75498712 -1.75498712
 -1.75498712 -1.75498712 -1.75498712 -1.75498712 -1.75498712 -1.75498712
 -1.75498712 -1.75498712 -1.75498712 -1.75498712 -1.75498712 -1.75498712
 -1.75498712 -1.75498712 -1.75498712 -1.75498712 -1.75498712 -1.75498712
 -1.78572998 -1.81043807 -1.81043807 -1.81043807 -1.81043807 -1.81645912
 -1.81645912 -1.81645912 -1.81645912 -1.81645912 -1.81645912 -1.81645912
 -1.81645912 -1.81645912 -1.81645912 -1.81645912 -1.88046815 -1.88046815
 -1.88046815 -1.88046815 -1.88046815 -1.88046815 -1.88046815 -1.88046815
 -1.88046815 -1.88046815 -1.88046815 -1.88046815 -1.88046815 -1.88046815
 -1.88046815 -1.88046815 -1.88046815 -1.88046815 -1.88046815 -1.88046815
 -1.88046815 -1.88046815 -1.88046815 -1.88046815 -1.88046815 -1.88046815
 -1.88046815 -1.93645838 -1.93645838 -1.93645838 -1.93781383 -1.93781383
 -1.93781383 -1.93781383 -1.93781383 -1.93781383 -1.93781383 -1.93781383
 -1.93781383 -1.93781383 -1.93781383 -1.93781383 -1.94370368 -1.94370368
 -1.94370368 -1.94573478 -1.94573478 -1.94573478 -1.94573478 -1.94573478
 -1.94573478 -1.94573478 -1.94573478 -1.94573478 -1.94573478 -1.9762309
 -1.9762309  -1.9762309  -1.9762309  -1.9762309  -1.9762309  -1.9762309
 -1.9762309  -1.9762309  -1.9762309  -2.03399454 -2.03399454 -2.03399454
 -2.03399454 -2.03399454 -2.03399454 -2.03399454 -2.03399454 -2.03399454
 -2.03399454 -2.03399454 -2.03399454 -2.03399454 -2.03399454 -2.03399454
 -2.03399454 -2.03399454 -2.03399454 -2.03399454 -2.03399454 -2.03399454
 -2.03399454 -2.03399454 -2.03399454 -2.03399454 -2.03399454 -2.03399454
 -2.03399454 -2.03399454 -2.03399454 -2.03399454 -2.03399454 -2.03399454
 -2.03399454 -2.03399454 -2.03399454 -2.03399454 -2.03399454 -2.03399454
 -2.03399454 -2.03399454 -2.03399454 -2.03399454 -2.03399454 -2.03399454
 -2.03399454 -2.03399454 -2.03399454 -2.03399454 -2.03399454 -2.03399454]
[-0.7617175  -0.95752013 -0.98444928 -1.03571434 -1.12664752 -1.12664752
 -1.16655506 -1.16655506 -1.20604608 -1.20604608 -1.28980859 -1.28980859
 -1.28980859 -1.28980859 -1.28980859 -1.31328815 -1.3182257  -1.38413239
 -1.38413239 -1.38413239 -1.38413239 -1.38413239 -1.46818605 -1.46818605
 -1.46818605 -1.46818605 -1.46818605 -1.54952759 -1.54952759 -1.54952759
 -1.54952759 -1.54952759 -1.54952759 -1.54952759 -1.54952759 -1.54952759
 -1.54952759 -1.54952759 -1.58601843 -1.58601843 -1.61157863 -1.61157863
 -1.61157863 -1.61157863 -1.68624015 -1.68624015 -1.68624015 -1.69410031
 -1.69410031 -1.69410031 -1.69410031 -1.69410031 -1.69410031 -1.70569778
 -1.70569778 -1.70569778 -1.70569778 -1.70569778 -1.70569778 -1.83021154
 -1.83021154 -1.83021154 -1.83021154 -1.83021154 -1.83021154 -1.83021154
 -1.83021154 -1.83021154 -1.83021154 -1.83021154 -1.83021154 -1.83021154
 -1.83021154 -1.83021154 -1.83021154 -1.83021154 -1.83021154 -1.83021154
 -1.86902935 -1.86902935 -1.86902935 -1.86902935 -1.86902935 -1.86902935
 -1.86902935 -1.86902935 -1.86902935 -1.86902935 -1.86902935 -1.86902935
 -1.86902935 -1.86902935 -1.89991858 -1.89991858 -1.91077366 -1.91077366
 -1.91077366 -1.91077366 -1.91077366 -1.91077366 -1.91077366 -1.91077366
 -1.91077366 -1.91077366 -1.91077366 -1.91077366 -1.91077366 -1.91077366
 -1.91077366 -1.91077366 -1.91077366 -1.91077366 -1.91077366 -1.91077366
 -1.91077366 -1.91077366 -1.91077366 -1.91077366 -1.91077366 -1.91077366
 -1.91077366 -1.92896474 -1.92896474 -1.92896474 -1.92896474 -1.92896474
 -1.92896474 -1.92896474 -1.92896474 -1.92896474 -1.98805697 -1.98805697
 -1.98805697 -1.98805697 -1.98805697 -1.98805697 -1.98805697 -1.98805697
 -1.98805697 -1.98805697 -1.98805697 -1.98805697 -1.98805697 -1.98805697
 -1.98805697 -1.98805697 -1.98805697 -1.98805697 -1.98805697 -1.98805697
 -1.992776   -1.992776   -1.992776   -1.992776   -1.992776   -1.992776
 -1.992776   -1.992776   -1.992776   -1.992776   -1.992776   -1.992776
 -1.992776   -1.992776   -1.992776   -1.992776   -1.992776   -1.992776
 -1.992776   -1.992776   -1.992776   -1.992776   -1.992776   -1.992776
 -1.992776   -1.992776   -1.992776   -1.992776   -1.992776   -1.992776
 -1.992776   -1.992776   -1.992776   -1.992776   -1.992776   -1.992776
 -1.992776   -1.992776   -1.992776   -1.992776   -1.992776   -1.992776
 -1.992776   -1.992776   -1.992776   -1.992776   -1.992776   -1.992776
 -1.992776   -1.992776   -1.992776  ]
[-0.76204953 -0.94078995 -1.13621982 -1.13621982 -1.13621982 -1.13621982
 -1.13621982 -1.13621982 -1.14186899 -1.14186899 -1.31815858 -1.31815858
 -1.31815858 -1.31815858 -1.32552434 -1.32552434 -1.32552434 -1.32552434
 -1.32552434 -1.32552434 -1.33954775 -1.49484585 -1.53144246 -1.53144246
 -1.53144246 -1.53144246 -1.53144246 -1.53144246 -1.53144246 -1.53144246
 -1.53144246 -1.53144246 -1.53144246 -1.53144246 -1.54371514 -1.62937664
 -1.62937664 -1.62937664 -1.62937664 -1.62937664 -1.62937664 -1.62937664
 -1.62937664 -1.62937664 -1.72673572 -1.7331012  -1.7331012  -1.7331012
 -1.7331012  -1.7331012  -1.7331012  -1.7331012  -1.7331012  -1.7331012
 -1.7331012  -1.7331012  -1.7331012  -1.7331012  -1.7331012  -1.7331012
 -1.85081632 -1.85081632 -1.85081632 -1.85081632 -1.85081632 -1.85081632
 -1.85081632 -1.85081632 -1.85081632 -1.85081632 -1.85081632 -1.85081632
 -1.85081632 -1.85081632 -1.85081632 -1.85081632 -1.85081632 -1.85081632
 -1.85081632 -1.85081632 -1.85081632 -1.85081632 -1.85081632 -1.85081632
 -1.85081632 -1.85081632 -1.85081632 -1.85081632 -1.86174879 -1.86174879
 -1.86174879 -1.86174879 -1.86174879 -1.86722028 -1.86722028 -1.90980125
 -1.90980125 -1.90980125 -1.90980125 -1.90980125 -1.90980125 -1.90980125
 -1.90980125 -1.90980125 -1.90980125 -1.90980125 -1.90980125 -1.90980125
 -1.96093807 -1.96093807 -1.96093807 -1.96093807 -1.96093807 -1.96093807
 -1.96093807 -1.96093807 -1.96093807 -1.96093807 -1.96411087 -1.96411087
 -1.96411087 -1.96411087 -1.96411087 -1.96411087 -1.96411087 -1.96411087
 -1.96411087 -1.96411087 -1.96411087 -1.96411087 -1.96411087 -1.96411087
 -1.96411087 -1.96411087 -1.96411087 -1.96411087 -1.96411087 -1.96411087
 -1.96411087 -1.96411087 -1.96411087 -1.96411087 -1.96411087 -1.96411087
 -1.96411087 -1.96411087 -1.96411087 -1.96411087 -1.96411087 -1.96411087
 -1.96411087 -1.96810379 -1.96810379 -1.96810379 -1.96810379 -1.96810379
 -1.96810379 -1.96810379 -1.96810379 -1.96810379 -1.96810379 -1.96810379
 -1.96810379 -1.96810379 -1.96810379 -1.96810379 -1.96810379 -1.96810379
 -1.96810379 -1.96810379 -1.96810379 -1.96810379 -1.96810379 -1.96810379
 -1.96810379 -1.96810379 -1.96810379 -1.96810379 -1.96810379 -1.96810379
 -1.96810379 -1.96810379 -1.96810379 -1.96810379 -1.96810379 -1.96810379
 -1.99237017 -1.99237017 -1.99237017 -1.99237017 -1.99237017 -1.99237017
 -1.99237017 -1.99237017 -1.99237017 -1.99237017 -1.99237017 -1.99237017
 -1.99237017 -1.99237017 -1.99237017 -1.99237017 -1.99237017 -1.99237017
 -1.99237017 -1.99237017 -1.99237017 -1.99237017 -1.99237017 -1.99237017
 -1.99237017 -1.99237017 -1.99237017 -1.99237017 -1.99237017 -1.99237017
 -1.99237017 -1.99237017 -1.99237017 -1.99275189 -1.99275189 -1.99275189
 -1.99275189 -1.99275189 -1.99275189 -1.99275189 -1.99275189 -1.99275189
 -1.99275189 -1.99275189 -1.99275189 -1.99275189 -1.99275189 -1.99275189
 -1.99275189 -1.99275189 -1.99275189 -1.99275189 -1.99275189 -1.99275189
 -1.99275189 -1.99275189 -1.99275189 -1.99275189 -1.99275189 -1.99275189
 -1.99275189 -1.99275189 -1.99275189 -1.99275189 -1.99275189 -1.99275189
 -1.99275189 -1.99275189 -1.99275189 -1.99275189 -1.99275189 -1.99275189
 -1.99275189 -1.99275189 -1.99275189 -1.99275189 -1.99275189 -1.99275189
 -1.99275189 -1.99275189 -1.99275189 -1.99275189 -1.99275189 -1.99275189]
