[-1.08410998 -1.35563495 -1.51749074 -1.62130013 -1.63075545 -1.63075545
 -1.67673417 -1.67766527 -1.69453185 -1.82766767 -1.82766767 -1.86649148
 -1.86649148 -1.86649148 -1.86649148 -1.86649148 -2.05519369 -2.05519369
 -2.05519369 -2.05519369 -2.05519369 -2.05519369 -2.05519369 -2.05519369
 -2.07177644 -2.07177644 -2.15469047 -2.16155408 -2.16376904 -2.16376904
 -2.16376904 -2.19752917 -2.19752917 -2.19752917 -2.21584372 -2.21584372
 -2.21584372 -2.21584372 -2.21584372 -2.3264755  -2.35199224 -2.35199224
 -2.36573344 -2.36573344 -2.36573344 -2.36573344 -2.36573344 -2.36573344
 -2.36573344 -2.36573344 -2.44485105 -2.44485105 -2.44485105 -2.44485105
 -2.44485105 -2.44485105 -2.44485105 -2.44485105 -2.44485105 -2.44485105
 -2.44485105 -2.44485105 -2.44485105 -2.46709431 -2.47171868 -2.48140126
 -2.48140126 -2.48140126 -2.48140126 -2.48140126 -2.51409453 -2.51409453
 -2.51409453 -2.5390759  -2.57483434 -2.57483434 -2.57483434 -2.57483434
 -2.58945481 -2.58945481 -2.58945481 -2.6064603  -2.67665136 -2.67665136
 -2.67665136 -2.67665136 -2.67665136 -2.67665136 -2.67665136 -2.67665136
 -2.68769908 -2.71310388 -2.7673742  -2.7673742  -2.7673742  -2.7673742
 -2.7673742  -2.7673742  -2.7673742  -2.7673742  -2.7673742  -2.7673742
 -2.7673742  -2.82970494 -2.82970494 -2.82970494 -2.82970494 -2.82970494
 -2.82970494 -2.82970494 -2.82970494 -2.82970494 -2.82970494 -2.82970494
 -2.82970494 -2.82970494 -2.82970494 -2.82970494 -2.82970494 -2.82970494
 -2.93084149 -2.93084149 -2.93084149 -2.93084149 -2.93084149 -2.93084149
 -2.93084149 -2.93084149 -2.93084149 -2.93084149 -2.93084149 -2.93084149
 -2.93084149 -2.93084149 -2.93084149 -2.93084149 -2.93084149 -2.93084149
 -2.93084149 -2.93084149 -2.93084149 -2.93084149 -2.93084149 -2.93084149
 -2.93084149 -2.93084149 -2.93084149 -2.93084149 -2.93084149 -2.93084149
 -2.93084149 -2.93084149 -2.93084149 -2.93084149 -2.93084149 -2.93084149
 -2.93084149 -2.93084149 -2.93084149 -2.93084149 -2.93084149 -2.93084149
 -2.93084149 -2.93084149 -2.93084149 -2.93084149 -2.93084149 -2.93084149
 -2.93084149 -2.93084149 -2.93084149]
[-1.08410661 -1.42174295 -1.49942844 -1.50898338 -1.70348058 -1.70348058
 -1.70348058 -1.70348058 -1.70348058 -1.70348058 -1.82485257 -2.03845755
 -2.03845755 -2.03845755 -2.03845755 -2.03845755 -2.03845755 -2.03845755
 -2.03845755 -2.06028927 -2.06028927 -2.06028927 -2.06028927 -2.08705347
 -2.17420165 -2.17420165 -2.17420165 -2.17420165 -2.17671334 -2.17671334
 -2.26798647 -2.26798647 -2.26798647 -2.26798647 -2.26798647 -2.26798647
 -2.26798647 -2.26798647 -2.26798647 -2.26798647 -2.26798647 -2.26798647
 -2.26798647 -2.26798647 -2.26798647 -2.26798647 -2.26798647 -2.35831079
 -2.35831079 -2.35831079 -2.35831079 -2.35831079 -2.35831079 -2.35831079
 -2.35831079 -2.35831079 -2.39349704 -2.39349704 -2.52607784 -2.52607784
 -2.52607784 -2.52607784 -2.52607784 -2.52607784 -2.52607784 -2.52607784
 -2.52607784 -2.52607784 -2.52607784 -2.52607784 -2.52607784 -2.52607784
 -2.52607784 -2.52607784 -2.52607784 -2.52607784 -2.52607784 -2.52607784
 -2.58538126 -2.58538126 -2.58538126 -2.58538126 -2.58538126 -2.58538126
 -2.58538126 -2.58538126 -2.58538126 -2.58538126 -2.58538126 -2.61179127
 -2.61179127 -2.65397082 -2.65397082 -2.65397082 -2.65397082 -2.65397082
 -2.65397082 -2.65397082 -2.65397082 -2.65397082 -2.65397082 -2.65397082
 -2.65397082 -2.65397082 -2.65397082 -2.65397082 -2.65397082 -2.66992373
 -2.66992373 -2.66992373 -2.66992373 -2.66992373 -2.66992373 -2.66992373
 -2.68503937 -2.68503937 -2.68503937 -2.68503937 -2.68503937 -2.68503937
 -2.68503937 -2.68503937 -2.68503937 -2.68503937 -2.71222928 -2.71222928
 -2.71222928 -2.71222928 -2.71222928 -2.71222928 -2.71222928 -2.71222928
 -2.71222928 -2.71222928 -2.71222928 -2.71222928 -2.71222928 -2.71222928
 -2.71222928 -2.71222928 -2.71222928 -2.71222928 -2.71222928 -2.71222928
 -2.71222928 -2.71222928 -2.71222928 -2.74180021 -2.74180021 -2.74180021
 -2.74180021 -2.74180021 -2.74180021 -2.74180021 -2.74180021 -2.74180021
 -2.80398091 -2.80398091 -2.80398091 -2.80398091 -2.80398091 -2.80398091
 -2.80398091 -2.80398091 -2.80398091 -2.80398091 -2.80398091 -2.80398091
 -2.80398091 -2.80398091 -2.80398091 -2.80398091 -2.80398091 -2.80398091
 -2.80398091 -2.80398091 -2.80398091 -2.80398091 -2.80398091 -2.80398091
 -2.80398091 -2.80398091 -2.80398091 -2.80398091 -2.80398091 -2.80398091
 -2.80398091 -2.80398091 -2.80398091 -2.80398091 -2.80398091 -2.80398091
 -2.80398091 -2.80398091 -2.80398091 -2.80398091 -2.80398091 -2.80398091
 -2.80398091 -2.80398091 -2.80398091 -2.80398091 -2.80398091 -2.80398091
 -2.80398091 -2.80398091 -2.80398091]
[-1.08411291 -1.4849575  -1.66851991 -1.6747777  -1.6747777  -1.6747777
 -1.6747777  -1.80697756 -1.80697756 -1.80697756 -1.9636809  -1.9636809
 -1.9636809  -1.9636809  -1.9785167  -1.9785167  -1.9785167  -1.98222603
 -1.98222603 -2.00662104 -2.00662104 -2.09587219 -2.09587219 -2.09587219
 -2.09587219 -2.09587219 -2.09587219 -2.09587219 -2.09587219 -2.09587219
 -2.1267252  -2.2185715  -2.2185715  -2.2185715  -2.2185715  -2.2185715
 -2.2185715  -2.24130984 -2.26036895 -2.26036895 -2.26036895 -2.26036895
 -2.26036895 -2.33402447 -2.42190073 -2.42190073 -2.42190073 -2.42190073
 -2.42190073 -2.42190073 -2.42190073 -2.42190073 -2.42190073 -2.42190073
 -2.42190073 -2.42190073 -2.42190073 -2.43283482 -2.43283482 -2.43283482
 -2.43283482 -2.43283482 -2.43283482 -2.43283482 -2.43283482 -2.43283482
 -2.43283482 -2.43350749 -2.43350749 -2.43350749 -2.43350749 -2.50435883
 -2.50435883 -2.50435883 -2.50435883 -2.50435883 -2.50435883 -2.50435883
 -2.53914885 -2.53914885 -2.55010678 -2.55010678 -2.55010678 -2.56090121
 -2.56710794 -2.56710794 -2.56710794 -2.56710794 -2.56710794 -2.56905215
 -2.56905215 -2.56905215 -2.56905215 -2.56905215 -2.56905215 -2.56905215
 -2.62900114 -2.62900114 -2.62900114 -2.62900114 -2.62900114 -2.62900114
 -2.62900114 -2.62900114 -2.62900114 -2.62900114 -2.62900114 -2.62900114
 -2.62900114 -2.62900114 -2.62900114 -2.62900114 -2.62900114 -2.62900114
 -2.62900114 -2.62900114 -2.62900114 -2.62900114 -2.64156414 -2.64156414
 -2.64156414 -2.64156414 -2.64156414 -2.65968797 -2.65968797 -2.65968797
 -2.65968797 -2.66149634 -2.66149634 -2.66243662 -2.66243662 -2.66243662
 -2.66243662 -2.66243662 -2.66243662 -2.68838542 -2.68838542 -2.68838542
 -2.68838542 -2.68838542 -2.68838542 -2.68838542 -2.68838542 -2.68838542
 -2.68838542 -2.7716333  -2.7716333  -2.7716333  -2.7716333  -2.7716333
 -2.7716333  -2.7716333  -2.7716333  -2.7716333  -2.7716333  -2.7716333
 -2.7716333  -2.7716333  -2.7716333  -2.7716333  -2.7716333  -2.7716333
 -2.7716333  -2.7716333  -2.7716333  -2.7716333  -2.7716333  -2.7716333
 -2.7716333  -2.7716333  -2.7716333  -2.7716333  -2.7716333  -2.7716333
 -2.7716333  -2.7716333  -2.7716333  -2.79713063 -2.79713063 -2.79713063
 -2.82970494 -2.82970494 -2.82970494 -2.82970494 -2.82970494 -2.93084149
 -2.93084149 -2.93084149 -2.93084149 -2.93084149 -2.93084149 -2.93084149
 -2.93084149 -2.93084149 -2.93084149 -2.93084149 -2.93084149 -2.93084149
 -2.93084149 -2.93084149 -2.93084149 -2.93084149 -2.93084149 -2.93084149
 -2.93084149 -2.93084149 -2.93084149 -2.93084149 -2.93084149 -2.93084149
 -2.93084149 -2.93084149 -2.93084149 -2.93084149 -2.93084149 -2.93084149
 -2.93084149 -2.93084149 -2.93084149 -2.93084149 -2.93084149 -2.93084149
 -2.93084149 -2.93084149 -2.93084149 -2.93084149 -2.93084149 -2.93084149
 -2.93084149 -2.93084149 -2.93084149 -2.93084149 -2.93084149 -2.93084149
 -2.93084149 -2.93084149]
[-1.08397228 -1.31438433 -1.39043514 -1.60725782 -1.88792146 -1.88792146
 -1.88792146 -1.88792146 -1.88792146 -1.88792146 -1.88792146 -1.88792146
 -1.88792146 -1.88792146 -1.88792146 -1.88792146 -1.91103714 -1.91103714
 -2.06176291 -2.06176291 -2.06176291 -2.06176291 -2.06176291 -2.13521484
 -2.13521484 -2.13521484 -2.13521484 -2.13521484 -2.13521484 -2.13889711
 -2.13889711 -2.33324619 -2.33324619 -2.33925348 -2.33925348 -2.33925348
 -2.33925348 -2.33925348 -2.33925348 -2.33925348 -2.33925348 -2.33925348
 -2.33925348 -2.33925348 -2.33925348 -2.33925348 -2.33925348 -2.33925348
 -2.33925348 -2.33925348 -2.33925348 -2.33925348 -2.33925348 -2.33925348
 -2.38067785 -2.52917393 -2.52917393 -2.52917393 -2.52917393 -2.52917393
 -2.52917393 -2.52917393 -2.52917393 -2.52917393 -2.52917393 -2.52917393
 -2.52917393 -2.52917393 -2.52917393 -2.53100051 -2.56595285 -2.56595285
 -2.56595285 -2.69868041 -2.69868041 -2.69868041 -2.69868041 -2.69868041
 -2.69868041 -2.69868041 -2.69868041 -2.69868041 -2.69868041 -2.69868041
 -2.69868041 -2.69868041 -2.69868041 -2.80498996 -2.80498996 -2.80498996
 -2.80498996 -2.80498996 -2.80498996 -2.80498996 -2.80498996 -2.80498996
 -2.80498996 -2.81910271 -2.81910271 -2.81910271 -2.93084149 -2.93084149
 -2.93084149 -2.93084149 -2.93084149 -2.93084149 -2.93084149 -2.93084149
 -2.93084149 -2.93084149 -2.93084149 -2.93084149 -2.93084149 -2.93084149
 -2.93084149 -2.93084149 -2.93084149 -2.93084149 -2.93084149 -2.93084149
 -2.93084149 -2.93084149 -2.93084149 -2.93084149 -2.93084149 -2.93084149
 -2.93084149 -2.93084149 -2.93084149 -2.93084149 -2.93084149 -2.93084149
 -2.93084149 -2.93084149 -2.93084149 -2.93084149 -2.93084149 -2.93084149
 -2.93084149 -2.93084149 -2.93084149 -2.93084149 -2.93084149 -2.93084149
 -2.93084149 -2.93084149 -2.93084149 -2.93084149 -2.93084149 -2.93084149
 -2.93084149]
[-1.08411207 -1.44795941 -1.60861493 -1.60861493 -1.62681034 -1.62681034
 -1.70629349 -1.78266621 -1.78266621 -1.78266621 -1.7894259  -1.7894259
 -1.7894259  -1.87226767 -1.87282364 -1.87282364 -2.02635086 -2.02635086
 -2.02635086 -2.02635086 -2.02635086 -2.02635086 -2.02635086 -2.02635086
 -2.02635086 -2.02635086 -2.02635086 -2.07986978 -2.07986978 -2.07986978
 -2.07986978 -2.07986978 -2.07986978 -2.14550345 -2.14550345 -2.14550345
 -2.16333224 -2.20500544 -2.20500544 -2.20500544 -2.20500544 -2.20500544
 -2.20500544 -2.20500544 -2.20988919 -2.20988919 -2.20988919 -2.23152813
 -2.25460992 -2.31176886 -2.31176886 -2.31176886 -2.31176886 -2.31176886
 -2.31176886 -2.39822532 -2.39822532 -2.40674667 -2.40674667 -2.40674667
 -2.40674667 -2.40674667 -2.40674667 -2.40674667 -2.40674667 -2.40674667
 -2.40674667 -2.40674667 -2.40674667 -2.44270975 -2.44270975 -2.44270975
 -2.54692704 -2.54692704 -2.54692704 -2.54692704 -2.54692704 -2.54692704
 -2.54692704 -2.54692704 -2.54692704 -2.54692704 -2.54692704 -2.54692704
 -2.54692704 -2.54692704 -2.54692704 -2.54692704 -2.54692704 -2.54692704
 -2.54692704 -2.54692704 -2.54692704 -2.54692704 -2.54692704 -2.54692704
 -2.54692704 -2.54692704 -2.54692704 -2.61320267 -2.61320267 -2.61320267
 -2.61320267 -2.61320267 -2.61320267 -2.63368894 -2.63368894 -2.63368894
 -2.63368894 -2.63368894 -2.65474774 -2.65474774 -2.65474774 -2.65474774
 -2.65474774 -2.65474774 -2.65474774 -2.65474774 -2.65474774 -2.65474774
 -2.65474774 -2.65474774 -2.65474774 -2.65474774 -2.65474774 -2.65474774
 -2.6737923  -2.6737923  -2.6737923  -2.69825283 -2.69825283 -2.71489035
 -2.71489035 -2.71489035 -2.71489035 -2.71489035 -2.71489035 -2.71489035
 -2.71489035 -2.71489035 -2.71489035 -2.71489035 -2.71489035 -2.71489035
 -2.71489035 -2.71489035 -2.76105614 -2.76105614 -2.76105614 -2.76105614
 -2.76105614 -2.76105614 -2.76105614 -2.76105614 -2.76105614 -2.76105614
 -2.76105614 -2.76105614 -2.8333787  -2.8333787  -2.8333787  -2.8333787
 -2.8333787  -2.8333787  -2.8333787  -2.8333787  -2.8333787  -2.8333787
 -2.8333787  -2.93084149 -2.93084149 -2.93084149 -2.93084149 -2.93084149
 -2.93084149 -2.93084149 -2.93084149 -2.93084149 -2.93084149 -2.93084149
 -2.93084149 -2.93084149 -2.93084149 -2.93084149 -2.93084149 -2.93084149
 -2.93084149 -2.93084149 -2.93084149 -2.93084149 -2.93084149 -2.93084149
 -2.93084149 -2.93084149 -2.93084149 -2.93084149 -2.93084149 -2.93084149
 -2.93084149 -2.93084149 -2.93084149 -2.93084149 -2.93084149 -2.93084149
 -2.93084149 -2.93084149 -2.93084149 -2.93084149 -2.93084149 -2.93084149
 -2.93084149 -2.93084149 -2.93084149 -2.93084149 -2.93084149 -2.93084149
 -2.93084149 -2.93084149 -2.93084149 -2.93084149]
[-1.08411    -1.46107752 -1.4740721  -1.49354803 -1.70537695 -1.78828755
 -1.78828755 -1.78828755 -1.82184545 -1.87376789 -1.87376789 -1.87376789
 -1.87376789 -1.87376789 -1.87376789 -1.87376789 -1.93863968 -1.96904899
 -2.04704257 -2.04704257 -2.04704257 -2.04704257 -2.12951297 -2.12951297
 -2.12951297 -2.12951297 -2.12951297 -2.12951297 -2.12951297 -2.12951297
 -2.12951297 -2.25029264 -2.25029264 -2.25029264 -2.25029264 -2.25029264
 -2.25029264 -2.25029264 -2.25029264 -2.25029264 -2.25029264 -2.30243949
 -2.30243949 -2.30243949 -2.30243949 -2.30243949 -2.34896586 -2.34896586
 -2.41179712 -2.41179712 -2.56553117 -2.56553117 -2.56553117 -2.56553117
 -2.56553117 -2.56553117 -2.56553117 -2.56553117 -2.56553117 -2.56553117
 -2.56553117 -2.56553117 -2.56553117 -2.56553117 -2.56553117 -2.56553117
 -2.56553117 -2.56553117 -2.56553117 -2.58706757 -2.58706757 -2.58706757
 -2.58706757 -2.58706757 -2.58706757 -2.58706757 -2.58706757 -2.6086272
 -2.6086272  -2.6086272  -2.6086272  -2.6086272  -2.6086272  -2.6086272
 -2.6086272  -2.6086272  -2.6086272  -2.61384865 -2.61384865 -2.61384865
 -2.65006685 -2.65006685 -2.65006685 -2.65006685 -2.65006685 -2.65006685
 -2.66364116 -2.70094421 -2.70094421 -2.70094421 -2.70094421 -2.70094421
 -2.70094421 -2.70094421 -2.72226883 -2.72226883 -2.72226883 -2.72226883
 -2.72226883 -2.72226883 -2.72226883 -2.72226883 -2.72226883 -2.72226883
 -2.72226883 -2.72226883 -2.72226883 -2.72226883 -2.72226883 -2.75267272
 -2.75267272 -2.75267272 -2.75267272 -2.75267272 -2.75267272 -2.75267272
 -2.75267272 -2.75267272 -2.75267272 -2.75267272 -2.81913279 -2.81913279
 -2.81913279 -2.81913279 -2.81913279 -2.81913279 -2.81913279 -2.81913279
 -2.81913279 -2.81913279 -2.81913279 -2.81913279 -2.81913279 -2.81913279
 -2.81913279 -2.81913279 -2.81913279 -2.81913279 -2.81913279 -2.93084149
 -2.93084149 -2.93084149 -2.93084149 -2.93084149 -2.93084149 -2.93084149
 -2.93084149 -2.93084149 -2.93084149 -2.93084149 -2.93084149 -2.93084149
 -2.93084149 -2.93084149 -2.93084149 -2.93084149 -2.93084149 -2.93084149
 -2.93084149 -2.93084149 -2.93084149 -2.93084149 -2.93084149 -2.93084149
 -2.93084149 -2.93084149 -2.93084149 -2.93084149 -2.93084149 -2.93084149
 -2.93084149 -2.93084149 -2.93084149 -2.93084149 -2.93084149 -2.93084149
 -2.93084149 -2.93084149 -2.93084149 -2.93084149 -2.93084149 -2.93084149
 -2.93084149 -2.93084149 -2.93084149 -2.93084149 -2.93084149 -2.93084149
 -2.93084149 -2.93084149]
[-1.08411334 -1.32689081 -1.5987801  -1.5987801  -1.5987801  -1.5987801
 -1.61576819 -1.8121808  -1.90863191 -1.90863191 -2.21773303 -2.21773303
 -2.21773303 -2.21773303 -2.21773303 -2.21773303 -2.21773303 -2.21773303
 -2.21773303 -2.21773303 -2.21773303 -2.21773303 -2.21773303 -2.21773303
 -2.21773303 -2.21773303 -2.21773303 -2.21773303 -2.21773303 -2.21773303
 -2.21773303 -2.21773303 -2.21773303 -2.21773303 -2.37568428 -2.3862744
 -2.3862744  -2.3862744  -2.3862744  -2.3862744  -2.3862744  -2.3862744
 -2.3862744  -2.3862744  -2.3862744  -2.3862744  -2.3862744  -2.3862744
 -2.3862744  -2.3862744  -2.3862744  -2.3862744  -2.3862744  -2.3862744
 -2.3988576  -2.3988576  -2.3988576  -2.3988576  -2.3988576  -2.3988576
 -2.40254875 -2.40254875 -2.40254875 -2.41452321 -2.41452321 -2.41452321
 -2.41452321 -2.41452321 -2.45429596 -2.45429596 -2.5409165  -2.5409165
 -2.5409165  -2.5409165  -2.5409165  -2.5409165  -2.5409165  -2.5409165
 -2.5409165  -2.5409165  -2.56261325 -2.56261325 -2.56261325 -2.56261325
 -2.56261325 -2.56469236 -2.59494197 -2.59494197 -2.59494197 -2.59494197
 -2.59494197 -2.59494197 -2.59494197 -2.59494197 -2.59494197 -2.59494197
 -2.63570991 -2.63570991 -2.63570991 -2.63570991 -2.63570991 -2.63570991
 -2.63570991 -2.63570991 -2.63847461 -2.63847461 -2.67341041 -2.67341041
 -2.67341041 -2.67341041 -2.67341041 -2.67341041 -2.67341041 -2.67341041
 -2.67341041 -2.67341041 -2.67341041 -2.70788371 -2.70788371 -2.70788371
 -2.70788371 -2.70788371 -2.70788371 -2.70788371 -2.70788371 -2.70788371
 -2.70788371 -2.70788371 -2.70788371 -2.70788371 -2.70883174 -2.70883174
 -2.70883174 -2.70883174 -2.70883174 -2.70883174 -2.70883174 -2.70883174
 -2.70883174 -2.70883174 -2.70883174 -2.70883174 -2.70883174 -2.70883174
 -2.70883174 -2.70883174 -2.70883174 -2.70883174 -2.70883174 -2.70883174
 -2.70883174 -2.70883174 -2.70883174 -2.70883174 -2.70883174 -2.70883174
 -2.70883174 -2.82589545 -2.82589545 -2.82589545 -2.82589545 -2.82589545
 -2.82589545 -2.82589545 -2.82589545 -2.82589545 -2.82589545 -2.82589545
 -2.82589545 -2.82589545 -2.82589545 -2.82589545 -2.82589545 -2.82589545
 -2.82589545 -2.82589545 -2.82589545 -2.82589545 -2.82589545 -2.82589545
 -2.82589545 -2.82589545 -2.82589545 -2.82589545 -2.82589545 -2.82589545
 -2.82589545 -2.82589545 -2.82589545 -2.82589545 -2.82589545 -2.82589545
 -2.82589545 -2.82589545 -2.82589545 -2.82589545 -2.82589545 -2.82589545
 -2.82589545 -2.82589545 -2.82589545 -2.82589545 -2.82589545 -2.82589545
 -2.82589545 -2.82589545 -2.8333787  -2.8333787  -2.8333787  -2.8333787
 -2.8333787  -2.8333787  -2.8333787  -2.8333787  -2.8333787  -2.8333787
 -2.8333787  -2.8333787  -2.8333787  -2.8333787  -2.8333787  -2.8333787
 -2.8333787  -2.8333787  -2.8333787  -2.8333787  -2.8333787  -2.8333787
 -2.8333787  -2.8333787  -2.8333787  -2.8333787  -2.8333787  -2.8333787
 -2.8333787  -2.8333787  -2.8333787  -2.8333787  -2.8333787  -2.8333787
 -2.8333787  -2.8333787  -2.8333787  -2.8333787  -2.8333787  -2.8333787
 -2.8333787  -2.8333787  -2.8333787  -2.8333787  -2.8333787  -2.8333787
 -2.8333787  -2.8333787  -2.8333787  -2.8333787  -2.8333787 ]
[-1.08411339 -1.28756713 -1.56014843 -1.56014843 -1.56014843 -1.64529912
 -1.64529912 -1.91317558 -1.91317558 -1.91317558 -1.91317558 -1.91317558
 -1.91317558 -1.98153674 -1.98153674 -2.02428223 -2.02428223 -2.02428223
 -2.02428223 -2.02428223 -2.02428223 -2.02428223 -2.04810578 -2.04943875
 -2.1150193  -2.13053935 -2.13053935 -2.13053935 -2.13053935 -2.13053935
 -2.13053935 -2.13053935 -2.13053935 -2.32185812 -2.32185812 -2.32185812
 -2.32185812 -2.32185812 -2.32185812 -2.32185812 -2.32185812 -2.32185812
 -2.32185812 -2.35819401 -2.35819401 -2.35819401 -2.35819401 -2.35819401
 -2.35819401 -2.39720402 -2.39720402 -2.39720402 -2.39720402 -2.39720402
 -2.45743458 -2.50133226 -2.53228118 -2.53228118 -2.53228118 -2.53228118
 -2.53927361 -2.53927361 -2.53927361 -2.53927361 -2.53927361 -2.53927361
 -2.53927361 -2.53927361 -2.53927361 -2.53927361 -2.53927361 -2.53927361
 -2.55409749 -2.55409749 -2.55409749 -2.55409749 -2.55409749 -2.55500557
 -2.57766061 -2.57766061 -2.62588522 -2.62588522 -2.62588522 -2.62588522
 -2.62588522 -2.62588522 -2.62588522 -2.62588522 -2.63968128 -2.63968128
 -2.63968128 -2.63968128 -2.63968128 -2.70734034 -2.72419536 -2.72419536
 -2.72419536 -2.72419536 -2.73780383 -2.73780383 -2.73780383 -2.73780383
 -2.73780383 -2.73780383 -2.73780383 -2.73780383 -2.73780383 -2.73780383
 -2.73780383 -2.73780383 -2.73780383 -2.73780383 -2.73780383 -2.73780383
 -2.73780383 -2.73780383 -2.73780383 -2.73780383 -2.73780383 -2.73780383
 -2.73780383 -2.74276647 -2.81910271 -2.81910271 -2.81910271 -2.81910271
 -2.81910271 -2.81910271 -2.81910271 -2.81910271 -2.81910271 -2.81910271
 -2.81910271 -2.81910271 -2.81910271 -2.81910271 -2.82970494 -2.82970494
 -2.82970494 -2.82970494 -2.82970494 -2.82970494 -2.82970494 -2.82970494
 -2.82970494 -2.82970494 -2.82970494 -2.82970494 -2.82970494 -2.93084149
 -2.93084149 -2.93084149 -2.93084149 -2.93084149 -2.93084149 -2.93084149
 -2.93084149 -2.93084149 -2.93084149 -2.93084149 -2.93084149 -2.93084149
 -2.93084149 -2.93084149 -2.93084149 -2.93084149 -2.93084149 -2.93084149
 -2.93084149 -2.93084149 -2.93084149 -2.93084149 -2.93084149 -2.93084149
 -2.93084149 -2.93084149 -2.93084149 -2.93084149 -2.93084149 -2.93084149
 -2.93084149 -2.93084149 -2.93084149 -2.93084149 -2.93084149 -2.93084149
 -2.93084149 -2.93084149 -2.93084149 -2.93084149 -2.93084149 -2.93084149
 -2.93084149 -2.93084149 -2.93084149 -2.93084149 -2.93084149 -2.93084149
 -2.93084149 -2.93084149]
[-1.08400162 -1.49983148 -1.49983148 -1.61776764 -1.61776764 -1.81324144
 -1.82143251 -1.82143251 -1.82143251 -1.82143251 -1.82143251 -1.92517555
 -1.92517555 -1.99337697 -1.99337697 -1.99337697 -1.99337697 -1.99337697
 -1.99337697 -1.99337697 -1.99337697 -1.99337697 -2.06955377 -2.06955377
 -2.06955377 -2.06955377 -2.15817857 -2.15817857 -2.17288235 -2.17368063
 -2.17368063 -2.17368063 -2.2106137  -2.2106137  -2.26866675 -2.26866675
 -2.26866675 -2.26866675 -2.26866675 -2.26866675 -2.26866675 -2.3621534
 -2.3621534  -2.3621534  -2.3621534  -2.3621534  -2.3621534  -2.3621534
 -2.3621534  -2.3621534  -2.36630431 -2.37073753 -2.46601227 -2.46601227
 -2.46601227 -2.46601227 -2.46601227 -2.46601227 -2.46601227 -2.46601227
 -2.46601227 -2.46601227 -2.46601227 -2.46601227 -2.46601227 -2.46601227
 -2.46601227 -2.46601227 -2.46601227 -2.46601227 -2.46601227 -2.46601227
 -2.49734908 -2.51419857 -2.51419857 -2.51419857 -2.51419857 -2.51419857
 -2.51419857 -2.51419857 -2.55879955 -2.55879955 -2.55879955 -2.55879955
 -2.55879955 -2.56046395 -2.56046395 -2.56046395 -2.56046395 -2.59422601
 -2.59422601 -2.628843   -2.628843   -2.628843   -2.65454056 -2.65454056
 -2.6690298  -2.6690298  -2.6690298  -2.6690298  -2.6690298  -2.6690298
 -2.6690298  -2.69958155 -2.69958155 -2.69958155 -2.69958155 -2.78298802
 -2.78298802 -2.78298802 -2.78298802 -2.78298802 -2.78298802 -2.78298802
 -2.78298802 -2.79208914 -2.79208914 -2.79208914 -2.79208914 -2.79783166
 -2.80498996 -2.80498996 -2.80498996 -2.80498996 -2.80498996 -2.80498996
 -2.80498996 -2.80498996 -2.80498996 -2.93084149 -2.93084149 -2.93084149
 -2.93084149 -2.93084149 -2.93084149 -2.93084149 -2.93084149 -2.93084149
 -2.93084149 -2.93084149 -2.93084149 -2.93084149 -2.93084149 -2.93084149
 -2.93084149 -2.93084149 -2.93084149 -2.93084149 -2.93084149 -2.93084149
 -2.93084149 -2.93084149 -2.93084149 -2.93084149 -2.93084149 -2.93084149
 -2.93084149 -2.93084149 -2.93084149 -2.93084149 -2.93084149 -2.93084149
 -2.93084149 -2.93084149 -2.93084149 -2.93084149 -2.93084149 -2.93084149
 -2.93084149 -2.93084149 -2.93084149 -2.93084149 -2.93084149 -2.93084149
 -2.93084149 -2.93084149 -2.93084149 -2.93084149 -2.93084149 -2.93084149]
[-1.084041   -1.39393525 -1.41445713 -1.6043189  -1.6043189  -1.6043189
 -1.7193233  -1.7193233  -2.00044715 -2.00044715 -2.00044715 -2.19379929
 -2.19379929 -2.19379929 -2.19379929 -2.19379929 -2.19379929 -2.19379929
 -2.19379929 -2.19379929 -2.19379929 -2.19379929 -2.19379929 -2.19379929
 -2.19379929 -2.19379929 -2.19379929 -2.19951846 -2.19951846 -2.19951846
 -2.19951846 -2.24699981 -2.30681608 -2.30681608 -2.30681608 -2.33557146
 -2.33557146 -2.33557146 -2.33557146 -2.33557146 -2.33557146 -2.33557146
 -2.33557146 -2.33557146 -2.39747471 -2.39747471 -2.44452183 -2.44452183
 -2.44452183 -2.44452183 -2.44452183 -2.44452183 -2.44452183 -2.44452183
 -2.44452183 -2.44452183 -2.5313548  -2.5313548  -2.5313548  -2.5313548
 -2.59960539 -2.59960539 -2.59960539 -2.59960539 -2.59960539 -2.59960539
 -2.59960539 -2.59960539 -2.59960539 -2.59960539 -2.59960539 -2.59960539
 -2.59960539 -2.60939026 -2.60939026 -2.60939026 -2.64030992 -2.72479546
 -2.72479546 -2.72479546 -2.72479546 -2.83116571 -2.83116571 -2.83116571
 -2.83116571 -2.83116571 -2.83116571 -2.83116571 -2.83116571 -2.83116571
 -2.83116571 -2.83116571 -2.83116571 -2.83116571 -2.83116571 -2.83116571
 -2.83116571 -2.83116571 -2.83116571 -2.83116571 -2.83116571 -2.83116571
 -2.83116571 -2.83116571 -2.83116571 -2.83116571 -2.93084149 -2.93084149
 -2.93084149 -2.93084149 -2.93084149 -2.93084149 -2.93084149 -2.93084149
 -2.93084149 -2.93084149 -2.93084149 -2.93084149 -2.93084149 -2.93084149
 -2.93084149 -2.93084149 -2.93084149 -2.93084149 -2.93084149 -2.93084149
 -2.93084149 -2.93084149 -2.93084149 -2.93084149 -2.93084149 -2.93084149
 -2.93084149 -2.93084149 -2.93084149 -2.93084149 -2.93084149 -2.93084149
 -2.93084149 -2.93084149 -2.93084149 -2.93084149 -2.93084149 -2.93084149
 -2.93084149 -2.93084149 -2.93084149 -2.93084149 -2.93084149 -2.93084149
 -2.93084149 -2.93084149 -2.93084149 -2.93084149 -2.93084149 -2.93084149
 -2.93084149]
