[  0.         266.66666667 533.33333333 533.33333333   0.
 533.33333333 800.           0.         533.33333333 800.        ]
[  0.         266.66666667 533.33333333   0.         533.33333333
   0.           0.         266.66666667 533.33333333 800.        ]
[  0.         266.66666667 533.33333333 800.           0.
 622.22222222 266.66666667 266.66666667 533.33333333 800.        ]
[  0.         266.66666667 533.33333333 800.         266.66666667
 622.22222222 266.66666667 266.66666667 533.33333333 800.        ]
[  0.         266.66666667 533.33333333 800.           0.
 266.66666667 800.         266.66666667 533.33333333 800.        ]
[  0.         266.66666667 622.22222222  88.88888889 622.22222222
  88.88888889 800.         266.66666667 533.33333333 800.        ]
[  0.         266.66666667 533.33333333   0.         533.33333333
   0.         711.11111111 177.77777778 533.33333333 800.        ]
[  0.         266.66666667 711.11111111   0.         533.33333333
 177.77777778 711.11111111 177.77777778 533.33333333 800.        ]
[  0.         266.66666667 711.11111111   0.         800.
 177.77777778 444.44444444 266.66666667 533.33333333 800.        ]
[  0.         266.66666667 533.33333333   0.         711.11111111
 177.77777778 711.11111111 177.77777778 533.33333333 800.        ]
