[  0.         266.66666667 622.22222222 800.           0.
 355.55555556 177.77777778 444.44444444 800.         177.77777778
 533.33333333 800.        ]
[  0.         266.66666667 622.22222222   0.         355.55555556
 711.11111111  88.88888889 444.44444444 800.         177.77777778
 533.33333333 800.        ]
[  0.         266.66666667 622.22222222   0.         355.55555556
 711.11111111  88.88888889 444.44444444 800.         177.77777778
 533.33333333 800.        ]
[  0.         266.66666667 800.         533.33333333   0.
 800.         355.55555556 177.77777778 533.33333333 800.
 177.77777778 533.33333333 800.        ]
[  0.         266.66666667 622.22222222   0.         355.55555556
 711.11111111  88.88888889 800.         355.55555556 177.77777778
 533.33333333 800.        ]
[  0.         266.66666667 533.33333333   0.         800.
 444.44444444   0.         800.         355.55555556 177.77777778
 533.33333333 800.        ]
[  0.         266.66666667 533.33333333   0.         711.11111111
 266.66666667  88.88888889 444.44444444 800.         177.77777778
 533.33333333 800.        ]
[  0.         266.66666667 622.22222222   0.         355.55555556
 711.11111111  88.88888889 444.44444444 800.         177.77777778
 533.33333333 800.        ]
[  0.         266.66666667 622.22222222 444.44444444   0.
 622.22222222 177.77777778 800.           0.         355.55555556
 177.77777778 533.33333333 800.        ]
[  0.         266.66666667 622.22222222 800.           0.
 355.55555556 622.22222222 177.77777778 800.         355.55555556
 177.77777778 533.33333333 800.        ]
