[2.29707907 2.26820043 2.26820043 2.26820043 2.26820043 2.26820043
 2.26820043 2.26820043 2.26820043 2.24888021 2.24888021 2.24179171
 2.22880093 2.22880093 2.22880093 2.22880093 2.22880093 2.22880093
 2.22880093 2.22880093 2.22880093 2.22880093 2.22880093 2.22418833
 2.22418833 2.22418833 2.22418833 2.21499377 2.21499377 2.21499377
 2.21499377 2.21499377 2.21006796 2.21006796 2.20948307 2.20948307
 2.20948307 2.20948307 2.20661479 2.20661479 2.20661479 2.20661479
 2.20661479 2.20661479 2.20661479 2.20661479 2.20661479 2.20255748
 2.20255748 2.20255748 2.20255748 2.20255748 2.20255748 2.20255748
 2.20255748 2.20255748 2.20255748 2.20255748 2.20255748 2.20255748
 2.20255748 2.20255748 2.20255748 2.20255748 2.20255748 2.20181204
 2.19744734 2.19744734 2.18503639 2.18503639 2.18503639 2.18503639
 2.18503639 2.18503639 2.18503639 2.18503639 2.18503639 2.18503639
 2.18503639 2.18503639 2.18503639 2.18503639 2.18503639 2.18487522
 2.18487522 2.18487522 2.18487522 2.18487522 2.18487522 2.18428195
 2.18428195 2.18428195 2.18428195 2.18428195 2.18428195 2.18428195
 2.18428195 2.18428195 2.18428195 2.18428195 2.18428195 2.18428195
 2.18428195 2.18428195 2.18428195 2.18428195 2.18428195 2.18428195
 2.18428195 2.18428195 2.18428195 2.18428195 2.18428195 2.18428195
 2.18428195 2.18428195 2.18428195 2.18428195 2.18428195 2.18428195
 2.18428195 2.18428195 2.18428195 2.18428195 2.18428195 2.18428195
 2.1841209  2.1841209  2.1841209  2.1841209  2.1841209  2.1841209
 2.1841209  2.1841209  2.1841209  2.1841209  2.1841209  2.1841209
 2.1841209  2.1841209  2.1841209  2.1841209  2.1841209  2.1841209
 2.1841209  2.1841209  2.1841209  2.1841209  2.1841209  2.1841209
 2.1841209  2.1841209  2.1841209  2.1841209  2.1841209  2.1841209
 2.1841209  2.1841209  2.1841209  2.1841209  2.1841209  2.1841209
 2.1841209  2.1841209  2.1841209  2.1841209  2.1841209  2.1841209
 2.1841209  2.1841209  2.1841209  2.1841209  2.1841209  2.1841209
 2.1841209  2.1841209  2.1841209 ]
[2.29707399 2.27203204 2.26020339 2.26020339 2.25034781 2.25034781
 2.25034781 2.25034781 2.25034781 2.25034781 2.24594598 2.24252761
 2.24252761 2.24230251 2.24230251 2.23759329 2.23083109 2.23083109
 2.23083109 2.23083109 2.22307815 2.22307815 2.22307815 2.22307815
 2.22307815 2.21272662 2.20701517 2.20701517 2.20701517 2.20701517
 2.20701517 2.20701517 2.20701517 2.20701517 2.20701517 2.20701517
 2.20701517 2.20701517 2.20429617 2.20429617 2.20404317 2.20404317
 2.20404317 2.20404317 2.20404317 2.20404317 2.20404317 2.20404317
 2.20129376 2.20129376 2.20129376 2.20129376 2.19192473 2.19192473
 2.19192473 2.19192473 2.19192473 2.19192473 2.19192473 2.19192473
 2.19192473 2.19192473 2.19192473 2.19192473 2.19192473 2.19192473
 2.19192473 2.19192473 2.19192473 2.18909888 2.18909888 2.18909888
 2.18909888 2.18909888 2.18909888 2.18909888 2.18909888 2.18909888
 2.1886259  2.1886259  2.1886259  2.1886259  2.1886259  2.18585204
 2.18585204 2.18585204 2.18585204 2.18585204 2.18585204 2.18585204
 2.18585204 2.18442308 2.18442308 2.18442308 2.18442308 2.18442308
 2.18442308 2.18442308 2.18442308 2.18442308 2.18442308 2.18442308
 2.18442308 2.18442308 2.18442308 2.18442308 2.18442308 2.18442308
 2.18442308 2.18442308 2.18442308 2.18442308 2.18442308 2.18442308
 2.18442308 2.18442308 2.18442308 2.18442308 2.18442308 2.18442308
 2.1844226  2.1844226  2.1844226  2.1844226  2.1844226  2.1844226
 2.1844226  2.18410511 2.18410511 2.18410511 2.18410511 2.18410511
 2.18410511 2.18410511 2.18410511 2.18410511 2.18410511 2.18410511
 2.18410511 2.18410511 2.18410464 2.18410464 2.18410464 2.18410464
 2.18410464 2.18410464 2.18410464 2.18410464 2.18410464 2.18410464
 2.18410464 2.18410464 2.18410464 2.18410464 2.18410464 2.18410464
 2.18410464 2.18410464 2.18410464 2.18410464 2.18410464 2.18410464
 2.18410464 2.18410464 2.18410464 2.18410464 2.18410464 2.18410464
 2.18410464 2.18410464 2.18410464 2.18410464 2.18410464 2.18410464
 2.18410464 2.18410464 2.18410464 2.18410464]
[2.29761944 2.26909315 2.26909315 2.26909315 2.26482889 2.26482889
 2.25740005 2.25740005 2.25740005 2.24949377 2.24908609 2.24508963
 2.24508963 2.24508963 2.24508963 2.24508963 2.24508963 2.2385215
 2.2385215  2.22732188 2.22732188 2.22732188 2.22188064 2.22188064
 2.22188064 2.22188064 2.22108769 2.21894635 2.21894635 2.21894635
 2.21894635 2.21894635 2.21894635 2.20371422 2.20371422 2.20371422
 2.20371422 2.20371422 2.20371422 2.20371422 2.20371422 2.20371422
 2.20371422 2.20371422 2.20371422 2.19921205 2.19921205 2.19921205
 2.19921205 2.19921205 2.19903031 2.19903031 2.19903031 2.19903031
 2.19903031 2.19903031 2.19903031 2.19903031 2.19077545 2.19077545
 2.19077545 2.19077545 2.19077545 2.19077545 2.18984978 2.18984978
 2.18984978 2.18984978 2.18984978 2.18984978 2.18984978 2.18979417
 2.18979417 2.18979417 2.18979417 2.18979417 2.18979417 2.18979417
 2.18979417 2.18979417 2.18979417 2.18979417 2.18979417 2.18979417
 2.18909243 2.18909243 2.18909243 2.18909243 2.18606343 2.18606343
 2.18606343 2.18606343 2.18606343 2.18443528 2.18443528 2.18443528
 2.18443528 2.18443528 2.18443528 2.18443528 2.18443528 2.18443528
 2.18443528 2.18443528 2.18443528 2.18443528 2.18443528 2.18443528
 2.18443528 2.18443528 2.18443528 2.18443528 2.18443528 2.18443528
 2.18443528 2.18443528 2.18443528 2.18443528 2.18443528 2.18443528
 2.18443528 2.18443528 2.18443528 2.18443528 2.18443528 2.18443528
 2.18443528 2.18443528 2.18443528 2.18443528 2.18443528 2.18443528
 2.18443528 2.18443528 2.18443528 2.18443528 2.18443528 2.18443528
 2.18443528 2.18443528 2.18443528 2.18443528 2.18443528 2.18443528]
[2.29709858 2.26831097 2.26831097 2.26831097 2.25347653 2.24795449
 2.24795449 2.24795449 2.24795449 2.2472552  2.2472552  2.24375905
 2.24375905 2.24307514 2.24307514 2.22577281 2.22577281 2.22577281
 2.22577281 2.22577281 2.22577281 2.22577281 2.22577281 2.22577281
 2.22577281 2.2072844  2.2072844  2.2072844  2.2072844  2.2072844
 2.2072844  2.2072844  2.2072844  2.2072844  2.2072844  2.2072844
 2.2072844  2.2072844  2.2072844  2.2072844  2.2072844  2.2072844
 2.2072844  2.2072844  2.19943781 2.19943781 2.19943781 2.19943781
 2.19943781 2.19943781 2.19943781 2.18969041 2.18969041 2.18969041
 2.18969041 2.18969041 2.18969041 2.18969041 2.18969041 2.18969041
 2.18969041 2.18969041 2.18969041 2.18969041 2.18969041 2.18969041
 2.18969041 2.18969041 2.18969041 2.18969041 2.18969041 2.18969041
 2.18969041 2.18969041 2.18969041 2.18969041 2.18795739 2.18795739
 2.18795739 2.18795739 2.18795739 2.18795739 2.18795739 2.18795739
 2.18795739 2.18795739 2.18795739 2.18795739 2.18795739 2.18795739
 2.18795739 2.18519855 2.18519855 2.18519855 2.18519855 2.18519855
 2.18519855 2.18519855 2.18519855 2.18519855 2.18519855 2.18519855
 2.18519855 2.18519855 2.18519855 2.18519855 2.18519855 2.18519855
 2.18442308 2.18442308 2.18442308 2.18442308 2.18442308 2.18442308
 2.18442308 2.18442308 2.18442308 2.18442308 2.18442308 2.18442308
 2.18442308 2.18442308 2.18442308 2.18442308 2.18442308 2.18442308
 2.18442308 2.18442308 2.18442308 2.18442308 2.18442308 2.18442308
 2.18442308 2.18442308 2.18442308 2.18442308 2.18442308 2.18442308
 2.18442308 2.18442308 2.18442308 2.18442308 2.18442308 2.18442308
 2.18442308 2.18442308 2.18442308 2.18442308 2.18442308 2.18442308
 2.18442308 2.18442308 2.18442308 2.18442308 2.18442308 2.18442308
 2.18442308 2.18442308 2.18442308]
[2.29707285 2.29707285 2.29707285 2.2689433  2.26887842 2.26887842
 2.26887842 2.26887842 2.25040038 2.25040038 2.25040038 2.25040038
 2.24816316 2.24816316 2.24816316 2.24810516 2.22248709 2.22248709
 2.22248709 2.22248709 2.22248709 2.22248709 2.22248709 2.22248709
 2.22248709 2.22248709 2.22248709 2.22248709 2.22222664 2.22222664
 2.21860517 2.21860517 2.21860517 2.21860517 2.20913817 2.20913817
 2.20913817 2.20913817 2.20913817 2.20083621 2.20083621 2.20083621
 2.20083621 2.20083621 2.20083621 2.20083621 2.20083621 2.20083621
 2.20083621 2.20083621 2.20083621 2.19909157 2.19909157 2.19909157
 2.19687075 2.19687075 2.19687075 2.19687075 2.19687075 2.19687075
 2.19687075 2.19574848 2.1911325  2.1911325  2.1911325  2.1911325
 2.1911325  2.1911325  2.1911325  2.1911325  2.1911325  2.1911325
 2.1911325  2.1911325  2.1911325  2.1911325  2.1911325  2.18636109
 2.18636109 2.18636109 2.18636109 2.18636109 2.18636109 2.18636109
 2.18636109 2.18636109 2.18636109 2.18636109 2.18636109 2.18636109
 2.18636109 2.18636109 2.18636109 2.18636109 2.18636109 2.18636109
 2.18636109 2.18636109 2.18636109 2.18429279 2.18429279 2.18429279
 2.18429279 2.18429279 2.18429279 2.18429279 2.18429279 2.18429279
 2.18429279 2.18429279 2.18429279 2.18429279 2.18429279 2.18429279
 2.18429279 2.18429279 2.18429279 2.18429279 2.18429279 2.18429279
 2.18429279 2.18429279 2.18429279 2.18429279 2.18429279 2.18429279
 2.18429279 2.18429279 2.18429279 2.18429279 2.18429279 2.18429279
 2.18429279 2.18429279 2.18429279 2.18429279 2.18429279 2.18429279
 2.18429279 2.18429279 2.18429279 2.18429279 2.18429279 2.18429279
 2.18429279 2.18429279 2.18429279 2.18429279 2.18429279 2.18429279]
[2.29707284 2.29707284 2.28032335 2.28032335 2.22991986 2.22991986
 2.22991986 2.22991986 2.22991986 2.22991986 2.22991986 2.22991986
 2.22991986 2.22991986 2.22627625 2.22627625 2.22627625 2.22627625
 2.22627625 2.22627625 2.22455434 2.22455434 2.22455434 2.22455434
 2.22455434 2.22455434 2.21792906 2.21792906 2.21792906 2.21792906
 2.21792906 2.2145079  2.2145079  2.2145079  2.2145079  2.210613
 2.210613   2.210613   2.210613   2.20925039 2.20925039 2.20925039
 2.20909531 2.20909531 2.20909531 2.20909531 2.20909531 2.20909531
 2.20818204 2.20698296 2.19141801 2.1893147  2.1893147  2.1893147
 2.1893147  2.1893147  2.1893147  2.1893147  2.1893147  2.1893147
 2.1893147  2.1893147  2.1893147  2.1893147  2.1893147  2.1893147
 2.1893147  2.1893147  2.1893147  2.1893147  2.1893147  2.1882976
 2.18754597 2.18754597 2.18754597 2.18754597 2.18754597 2.18754597
 2.18754597 2.18754597 2.18754597 2.18754597 2.18754597 2.18754597
 2.18754597 2.18754597 2.18754597 2.18711654 2.1859647  2.1859647
 2.1859647  2.1859647  2.1859647  2.1859647  2.1859647  2.1859647
 2.1859647  2.1859647  2.1859647  2.1859647  2.1859647  2.1859647
 2.1859647  2.1859647  2.1859647  2.1859647  2.1859647  2.1859647
 2.1859647  2.1859647  2.1859647  2.1859647  2.1859647  2.1859647
 2.1859647  2.1859647  2.1859647  2.1859647  2.1859647  2.1859647
 2.1859647  2.1859647  2.1859647  2.1856376  2.1856376  2.1856376
 2.1856376  2.1856376  2.1856376  2.1856376  2.1856376  2.1856376
 2.1856376  2.1856376  2.1856376  2.1856376  2.1856376  2.1856376
 2.1856376  2.1856376  2.1856376  2.1856376  2.1856376  2.1856376
 2.1856376  2.1856376  2.1856376  2.1856376  2.1856376  2.1856376
 2.1856376  2.1856376  2.1856376  2.1856376  2.1856376  2.1856376
 2.1856376  2.18521004 2.18521004 2.18521004 2.18521004 2.18521004
 2.18521004 2.18521004 2.18521004 2.18521004 2.18521004 2.18521004
 2.18521004 2.18521004 2.18521004 2.18521004 2.18521004 2.18521004
 2.18521004 2.18521004 2.18521004 2.18521004 2.18521004 2.18521004
 2.18521004 2.18521004 2.18521004 2.18521004 2.18521004 2.18521004
 2.18521004 2.18521004 2.18521004 2.18521004 2.18521004 2.18521004
 2.18521004 2.18521004 2.18521004 2.18521004 2.18521004 2.18521004
 2.18521004 2.18521004 2.18521004 2.18521004 2.18521004 2.18521004
 2.18521004 2.18521004 2.18488316 2.18488316 2.18488316 2.18488316
 2.18488316 2.18488316 2.18488316 2.18488316 2.18488316 2.18488316
 2.18488316 2.18488316 2.18488316 2.18488316 2.18488316 2.18488316
 2.18488316 2.18488316 2.18488316 2.18488316 2.18488316 2.18488316
 2.18488316 2.18488316 2.18488316 2.18488316 2.18488316 2.18488316
 2.18488316 2.18488316 2.18488316 2.18488316 2.18488316 2.18488316
 2.18488316 2.18488316 2.18488316 2.18488316 2.18488316 2.18488316
 2.18488316 2.18488316 2.18488316 2.18488316 2.18488316 2.18488316
 2.18488316 2.18488316 2.18488316 2.18488316 2.18488316]
[2.29707287 2.27836567 2.27836567 2.26868011 2.26863912 2.26863912
 2.26863817 2.26641446 2.26566901 2.25940709 2.25940709 2.25940709
 2.24473182 2.23322847 2.21964849 2.21964849 2.21964849 2.21964849
 2.21964849 2.21964849 2.21964849 2.21964849 2.21964849 2.21964849
 2.21964849 2.21964849 2.21964849 2.2064135  2.20362507 2.20362507
 2.20362507 2.20362507 2.20362507 2.20239465 2.20239465 2.20239465
 2.20239465 2.20239465 2.20239465 2.20239465 2.20239465 2.20239465
 2.20239465 2.20239465 2.20015726 2.20015726 2.20015726 2.20015726
 2.18520988 2.18520988 2.18520988 2.18520988 2.18520988 2.18520988
 2.18520988 2.18520988 2.18520988 2.18520988 2.18520988 2.18500406
 2.18500406 2.18500406 2.18500406 2.18500406 2.18500406 2.18500406
 2.18500406 2.18500406 2.18500406 2.18500406 2.18500406 2.18500406
 2.18500406 2.18500406 2.18500406 2.18500406 2.18500406 2.18500406
 2.18500406 2.18500406 2.18500406 2.18500406 2.18500406 2.18500406
 2.18500406 2.18500406 2.18500406 2.18500406 2.18500406 2.18500406
 2.18500406 2.18500406 2.18500406 2.18500406 2.18500406 2.18500406
 2.18500406 2.18500406 2.18500406 2.18500406 2.18500406 2.18500406
 2.18500406 2.18500406 2.18500406 2.18500406 2.18500406 2.18500406
 2.184685   2.184685   2.184685   2.184685   2.184685   2.184685
 2.184685   2.184685   2.184685   2.184685   2.184685   2.184685
 2.184685   2.184685   2.184685   2.184685   2.184685   2.184685
 2.184685   2.184685   2.184685   2.184685   2.184685   2.184685
 2.184685   2.184685   2.184685   2.184685   2.184685   2.184685
 2.184685   2.184685   2.184685   2.184685   2.184685   2.184685
 2.184685   2.184685   2.184685   2.184685   2.184685   2.184685
 2.184685   2.184685   2.184685   2.184685   2.184685   2.184685
 2.184685   2.184685   2.184685  ]
[2.29707948 2.2783509  2.2783509  2.2604774  2.25447186 2.24732075
 2.24732075 2.24561582 2.24561582 2.24561582 2.24561582 2.24561582
 2.24561582 2.24561582 2.24561582 2.24475199 2.24475199 2.23819334
 2.22940281 2.22088424 2.22088424 2.22088424 2.22088424 2.22088424
 2.22088424 2.22088424 2.22088424 2.22066539 2.22066539 2.22066539
 2.22066539 2.22066539 2.21925915 2.21925915 2.21685274 2.21685274
 2.21685274 2.20807398 2.20711487 2.20711487 2.20711487 2.20711487
 2.20711487 2.20050292 2.20050292 2.20050292 2.19067562 2.19067562
 2.19067562 2.19067562 2.19067562 2.19067562 2.19067562 2.19067562
 2.19067562 2.19067562 2.19067562 2.19067562 2.1858443  2.1858443
 2.1858443  2.1858443  2.1858443  2.1858443  2.1858443  2.1858443
 2.1858443  2.1858443  2.1858443  2.1858443  2.1858443  2.1858443
 2.1858443  2.1858443  2.1858443  2.1858443  2.1858443  2.1858443
 2.18540159 2.18540159 2.18540159 2.18540159 2.18540159 2.18540159
 2.18540159 2.18540159 2.18540159 2.18540159 2.18540159 2.18540159
 2.18540159 2.18540159 2.18540159 2.18540159 2.18540159 2.18540159
 2.18540159 2.18540159 2.18540159 2.18540159 2.18540159 2.18540159
 2.18540159 2.18540159 2.18540159 2.18540159 2.18540159 2.18540159
 2.18540159 2.18540159 2.18540159 2.18540159 2.18540159 2.18540159
 2.18540159 2.18540159 2.18540159 2.18540159 2.18540159 2.18540159
 2.18540159 2.18540159 2.18540159 2.18540159 2.18540159 2.18540159
 2.18540159 2.18540159 2.18540159]
[2.29707383 2.27202586 2.27202586 2.27202586 2.26892568 2.26892568
 2.26892568 2.26892568 2.26864406 2.26864406 2.2426786  2.24241223
 2.24241223 2.24241223 2.24135162 2.24135162 2.22792177 2.22792177
 2.22455594 2.22455594 2.22455594 2.22455594 2.22455594 2.22455594
 2.22455594 2.21223112 2.21223112 2.21223112 2.21223112 2.21223112
 2.20602828 2.18718996 2.18718996 2.18718996 2.18718996 2.18718996
 2.18718996 2.18718996 2.18718996 2.18718996 2.18718996 2.18718996
 2.18718996 2.18718996 2.18718996 2.18718996 2.18718996 2.18718996
 2.18718996 2.18718996 2.18718996 2.18718996 2.18718996 2.18718996
 2.18718996 2.18718996 2.18718996 2.18718996 2.18718996 2.18718996
 2.18718996 2.18718996 2.18608536 2.18608536 2.18599749 2.18599749
 2.18599749 2.18599749 2.18599749 2.18599749 2.18599749 2.18599749
 2.18599749 2.18599749 2.18599749 2.18599749 2.18564721 2.18489809
 2.18489809 2.18489809 2.18489809 2.18489809 2.18489809 2.18489809
 2.18489809 2.18489809 2.18489809 2.18489809 2.18489809 2.18489809
 2.18489809 2.18489809 2.18489809 2.18489809 2.18489809 2.18489809
 2.18489809 2.18489809 2.18489809 2.18489809 2.18489809 2.18489809
 2.18489809 2.18489809 2.18489809 2.18489809 2.18489809 2.18489809
 2.18489809 2.18489809 2.18489809 2.18489809 2.18489809 2.18489809
 2.18489809 2.18489809 2.18489809 2.18489809 2.18489809 2.18489809
 2.18489809 2.18489809 2.18489809 2.18489809 2.18489809 2.18489809
 2.18489809 2.18489809]
[2.29707394 2.28438099 2.28438099 2.28438099 2.28438099 2.27063682
 2.27063682 2.26873912 2.26873912 2.26408073 2.24626157 2.24626157
 2.24626157 2.24626157 2.24626157 2.24626157 2.24294126 2.22599429
 2.22599429 2.22599429 2.22599429 2.22599429 2.22456839 2.22456839
 2.22456839 2.22456839 2.22456839 2.2242305  2.2242305  2.2242305
 2.2242305  2.22140863 2.22140863 2.22140863 2.22140863 2.22140863
 2.22140863 2.20648103 2.20648103 2.20648103 2.20648103 2.20648103
 2.20648103 2.20648103 2.20648103 2.20648103 2.20648103 2.20648103
 2.20607332 2.20607332 2.20420564 2.20420564 2.20420564 2.19607862
 2.19607862 2.19607862 2.19607862 2.19607862 2.19607862 2.19607862
 2.19607862 2.19607862 2.19607862 2.19607862 2.19394274 2.19394274
 2.19394274 2.19394274 2.19394274 2.19394274 2.19394274 2.19394274
 2.19394274 2.19394274 2.19394274 2.19394274 2.19261555 2.19125301
 2.19125301 2.18866057 2.18866057 2.18866057 2.18866057 2.18866057
 2.18866057 2.18866057 2.18866057 2.18866057 2.18866057 2.18866057
 2.18865364 2.18865364 2.18865364 2.18610397 2.18610397 2.18610397
 2.18610397 2.18610397 2.18610397 2.18594387 2.18553914 2.18553914
 2.18553914 2.18553914 2.18553914 2.18553914 2.18553914 2.18553914
 2.18553914 2.18523043 2.18523043 2.18523043 2.18523043 2.18523043
 2.18523043 2.18523043 2.18523043 2.18523043 2.18523043 2.18523043
 2.18523043 2.18523043 2.18523043 2.18523043 2.18523043 2.18523043
 2.18523043 2.18523043 2.18523043 2.18523043 2.18523043 2.18523043
 2.18523043 2.18523043 2.18523043 2.18523043 2.18523043 2.18523043
 2.18523043 2.18523043 2.18523043 2.18523043 2.18523043 2.18523043
 2.18512172 2.18512172 2.18512172 2.184685   2.184685   2.184685
 2.184685   2.184685   2.184685   2.184685   2.184685   2.184685
 2.184685   2.184685   2.184685   2.184685   2.184685   2.184685
 2.184685   2.184685   2.184685   2.184685   2.184685   2.184685
 2.184685   2.184685   2.184685   2.184685   2.184685   2.184685
 2.184685   2.184685   2.184685   2.184685   2.184685   2.184685
 2.184685   2.184685   2.184685   2.184685   2.184685   2.184685
 2.184685   2.184685   2.184685   2.184685   2.184685   2.184685
 2.184685   2.184685   2.184685   2.184685   2.184685   2.184685  ]
