array([   0.        ,  252.63157895,  589.47368421,  842.10526316,
       1094.73684211, 1347.36842105, 1600.        , 1600.        ,
       1347.36842105,  505.26315789,    0.        ,  336.84210526,
       1515.78947368,  589.47368421, 1600.        , 1263.15789474,
         84.21052632,  421.05263158,  757.89473684, 1515.78947368,
        842.10526316,    0.        , 1094.73684211, 1600.        ,
       1347.36842105, 1178.94736842,  926.31578947,    0.        ,
        336.84210526, 1600.        , 1347.36842105])
array([   0.        ,  252.63157895,  589.47368421,  842.10526316,
       1094.73684211, 1347.36842105, 1600.        ,  505.26315789,
          0.        , 1178.94736842,  336.84210526, 1431.57894737,
        505.26315789,  926.31578947, 1600.        , 1263.15789474,
        168.42105263,  505.26315789, 1263.15789474, 1600.        ,
          0.        , 1094.73684211,  252.63157895, 1263.15789474,
       1600.        ,    0.        ,  252.63157895,  842.10526316,
       1094.73684211, 1431.57894737,  505.26315789])
array([   0.        ,  252.63157895,  589.47368421,  842.10526316,
       1178.94736842, 1600.        ,  926.31578947,  252.63157895,
          0.        , 1178.94736842,  168.42105263, 1431.57894737,
        421.05263158, 1600.        ,  842.10526316,    0.        ,
       1347.36842105, 1010.52631579,  168.42105263,    0.        ,
        252.63157895, 1094.73684211, 1347.36842105,  421.05263158,
       1600.        ,    0.        , 1094.73684211, 1431.57894737,
        757.89473684,  505.26315789,  168.42105263])
array([   0.        ,  252.63157895,  589.47368421,  842.10526316,
       1094.73684211, 1347.36842105, 1600.        , 1347.36842105,
          0.        ,  673.68421053, 1178.94736842,   84.21052632,
        336.84210526, 1263.15789474, 1600.        ,  842.10526316,
       1010.52631579,   84.21052632,    0.        ,  252.63157895,
       1094.73684211, 1347.36842105,  421.05263158, 1600.        ,
          0.        , 1094.73684211, 1431.57894737,  757.89473684,
        505.26315789,  168.42105263])
array([   0.        ,  252.63157895,  589.47368421,  842.10526316,
       1094.73684211, 1600.        , 1600.        , 1347.36842105,
        926.31578947,    0.        ,   84.21052632,  421.05263158,
       1010.52631579, 1263.15789474,    0.        , 1431.57894737,
       1010.52631579,  252.63157895, 1263.15789474, 1600.        ,
          0.        ,  252.63157895, 1431.57894737, 1010.52631579,
       1600.        ,  673.68421053,  252.63157895,    0.        ,
       1431.57894737, 1094.73684211])
