array([   0.        , 1263.15789474, 1515.78947368,  505.26315789,
       1600.        ,    0.        ,    0.        , 1600.        ,
         84.21052632, 1600.        ,  168.42105263, 1600.        ,
        252.63157895])
array([   0.        ,  757.89473684, 1515.78947368, 1600.        ,
          0.        , 1600.        , 1600.        ,    0.        ,
          0.        , 1600.        ,  336.84210526, 1600.        ,
          0.        , 1600.        ,  673.68421053])
array([   0.        ,  842.10526316, 1600.        , 1600.        ,
          0.        , 1600.        ,    0.        , 1010.52631579,
          0.        ,  421.05263158, 1600.        , 1178.94736842,
          0.        ])
array([   0.        , 1347.36842105,  589.47368421, 1600.        ,
          0.        , 1600.        ,    0.        , 1431.57894737,
          0.        , 1600.        ,  336.84210526,    0.        ,
       1600.        ,  673.68421053])
array([   0.        , 1347.36842105, 1515.78947368, 1600.        ,
          0.        , 1600.        ,    0.        , 1600.        ,
          0.        , 1600.        ,   84.21052632,  336.84210526,
       1600.        ])
