array([   0.        ,    0.        ,    0.        ,    0.        ,
          0.        ,    0.        ,    0.        ,  252.63157895,
        252.63157895,  336.84210526,  505.26315789,  673.68421053,
        757.89473684,  757.89473684,  926.31578947, 1010.52631579,
       1178.94736842, 1178.94736842, 1431.57894737, 1431.57894737])
array([   0.        ,    0.        ,    0.        ,    0.        ,
          0.        ,    0.        ,   84.21052632,  252.63157895,
        252.63157895,  336.84210526,  505.26315789,  505.26315789,
        757.89473684,  757.89473684, 1010.52631579, 1263.15789474,
       1263.15789474, 1515.78947368, 1515.78947368, 1600.        ])
array([   0.        ,    0.        ,    0.        ,    0.        ,
          0.        ,    0.        ,    0.        ,  252.63157895,
        252.63157895,  252.63157895,  589.47368421,  589.47368421,
        842.10526316,  842.10526316, 1094.73684211, 1094.73684211,
       1347.36842105, 1347.36842105, 1600.        , 1600.        ])
array([   0.        ,    0.        ,    0.        ,    0.        ,
          0.        ,    0.        ,   84.21052632,  252.63157895,
        252.63157895,  336.84210526,  505.26315789,  673.68421053,
        757.89473684,  926.31578947, 1010.52631579, 1178.94736842,
       1178.94736842, 1431.57894737, 1431.57894737])
array([   0.        ,    0.        ,    0.        ,    0.        ,
          0.        ,    0.        ,    0.        ,  252.63157895,
        252.63157895,  252.63157895,  505.26315789,  589.47368421,
        842.10526316,  842.10526316,  842.10526316, 1094.73684211,
       1094.73684211, 1347.36842105, 1347.36842105, 1600.        ,
       1600.        ])
