array([1.00000000e+15, 2.41469847e+00, 2.40760113e+00, 2.40228203e+00,
       2.39788763e+00, 2.39053885e+00, 2.38264763e+00, 2.37593261e+00,
       2.37478991e+00, 2.37443412e+00, 2.36484509e+00, 2.36438452e+00,
       2.36369047e+00, 2.35626241e+00, 2.35610996e+00, 2.35246054e+00,
       2.35042730e+00, 2.34806511e+00, 2.34657762e+00, 2.34226262e+00,
       2.34211567e+00, 2.34163916e+00, 2.34123438e+00, 2.34036702e+00,
       2.33819191e+00, 2.33665042e+00, 2.33069247e+00, 2.33032083e+00,
       2.33010358e+00, 2.32454225e+00, 2.31106795e+00, 2.29880417e+00,
       2.29214872e+00, 2.28611009e+00, 2.28133642e+00, 2.27978158e+00,
       2.27864398e+00, 2.27826690e+00, 2.27651712e+00, 2.27615733e+00,
       2.27473348e+00, 2.27432145e+00, 2.27386533e+00, 2.27310333e+00,
       2.27149325e+00, 2.27130709e+00, 2.27074456e+00, 2.26869175e+00,
       2.26865260e+00, 2.26796150e+00, 2.26497311e+00, 2.26174518e+00,
       2.26164729e+00, 2.26027929e+00, 2.26008224e+00])
array([1.00000000e+15, 2.42281771e+00, 2.42044188e+00, 2.41481009e+00,
       2.40261733e+00, 2.39722641e+00, 2.39596943e+00, 2.38766361e+00,
       2.37677067e+00, 2.36843992e+00, 2.36657301e+00, 2.35968123e+00,
       2.34733267e+00, 2.34208942e+00, 2.34090784e+00, 2.33779764e+00,
       2.32720272e+00, 2.32589969e+00, 2.32512465e+00, 2.32426468e+00,
       2.32386567e+00, 2.32185703e+00, 2.31672201e+00, 2.31644502e+00,
       2.31601888e+00, 2.31183630e+00, 2.30088070e+00, 2.29833207e+00,
       2.29763168e+00, 2.29730382e+00, 2.29527538e+00, 2.29487146e+00,
       2.29147692e+00, 2.28556690e+00, 2.28515227e+00, 2.28175523e+00,
       2.28053084e+00, 2.27974481e+00, 2.27769788e+00, 2.27607809e+00,
       2.27379776e+00, 2.27300469e+00, 2.27220638e+00, 2.27114399e+00,
       2.27000740e+00, 2.26930322e+00, 2.26861146e+00, 2.26807600e+00,
       2.26543769e+00, 2.26428134e+00, 2.26370029e+00, 2.26290890e+00,
       2.25987662e+00, 2.25759553e+00, 2.25755774e+00, 2.25723929e+00,
       2.25711042e+00])
array([1.00000000e+15, 2.41695431e+00, 2.41036850e+00, 2.40488883e+00,
       2.39944630e+00, 2.39311782e+00, 2.38334074e+00, 2.37757979e+00,
       2.37601457e+00, 2.37284148e+00, 2.36182569e+00, 2.35792889e+00,
       2.35616737e+00, 2.35346074e+00, 2.34382586e+00, 2.34328430e+00,
       2.34288796e+00, 2.34200831e+00, 2.33432229e+00, 2.33391323e+00,
       2.33151573e+00, 2.33088927e+00, 2.32683379e+00, 2.32666036e+00,
       2.32552145e+00, 2.31312629e+00, 2.31180191e+00, 2.31122701e+00,
       2.30229711e+00, 2.29399096e+00, 2.28874076e+00, 2.28681652e+00,
       2.28497603e+00, 2.27711757e+00, 2.27615151e+00, 2.27505245e+00,
       2.27494808e+00, 2.27453784e+00, 2.27447796e+00, 2.27423495e+00,
       2.27273835e+00, 2.27213564e+00, 2.27191204e+00, 2.27031471e+00,
       2.26966340e+00, 2.26881036e+00, 2.26790166e+00, 2.26788692e+00,
       2.26782098e+00, 2.26723763e+00, 2.26671471e+00, 2.26668288e+00,
       2.26617317e+00, 2.26563226e+00, 2.26540855e+00, 2.26449576e+00,
       2.26447624e+00, 2.26392909e+00])
array([1.00000000e+15, 2.42026720e+00, 2.41830594e+00, 2.41778636e+00,
       2.41423273e+00, 2.40886892e+00, 2.40127852e+00, 2.39675736e+00,
       2.39050256e+00, 2.38898469e+00, 2.37626731e+00, 2.37362382e+00,
       2.37325637e+00, 2.36836320e+00, 2.35535410e+00, 2.35520947e+00,
       2.35400761e+00, 2.35088566e+00, 2.35066723e+00, 2.34724364e+00,
       2.34682893e+00, 2.34433902e+00, 2.33834300e+00, 2.33583128e+00,
       2.33357045e+00, 2.33202719e+00, 2.33154677e+00, 2.32890423e+00,
       2.32802491e+00, 2.32497142e+00, 2.32491789e+00, 2.31932604e+00,
       2.31278589e+00, 2.30081021e+00, 2.29719710e+00, 2.29436459e+00,
       2.29133427e+00, 2.28871103e+00, 2.28340197e+00, 2.28174736e+00,
       2.28145047e+00, 2.28132961e+00, 2.28120401e+00, 2.28109461e+00,
       2.28012166e+00, 2.27975569e+00, 2.27964048e+00, 2.27656633e+00,
       2.27650960e+00, 2.27608051e+00, 2.27551126e+00, 2.27317268e+00,
       2.27297574e+00, 2.27256975e+00, 2.27234008e+00, 2.27097247e+00,
       2.26976410e+00, 2.26896448e+00, 2.26892232e+00, 2.26845390e+00])
array([1.00000000e+15, 2.41559220e+00, 2.40926014e+00, 2.40553452e+00,
       2.40337265e+00, 2.39613397e+00, 2.39111084e+00, 2.38386340e+00,
       2.38288666e+00, 2.37953544e+00, 2.37659272e+00, 2.37166051e+00,
       2.36319276e+00, 2.35899130e+00, 2.35587762e+00, 2.35580877e+00,
       2.35293491e+00, 2.35274624e+00, 2.34944386e+00, 2.34758786e+00,
       2.34679406e+00, 2.34509618e+00, 2.34126898e+00, 2.34053073e+00,
       2.34038426e+00, 2.33607474e+00, 2.33602501e+00, 2.33542745e+00,
       2.33408937e+00, 2.33058200e+00, 2.33047667e+00, 2.33038010e+00,
       2.32132197e+00, 2.31292780e+00, 2.30937631e+00, 2.29825897e+00,
       2.29813291e+00, 2.28772971e+00, 2.28418022e+00, 2.27942007e+00,
       2.27740674e+00, 2.27667941e+00, 2.27523558e+00, 2.27421284e+00,
       2.27331685e+00, 2.27262835e+00, 2.27257567e+00, 2.27233340e+00,
       2.27082196e+00, 2.27073788e+00, 2.27028119e+00, 2.26971600e+00,
       2.26650506e+00, 2.26645775e+00, 2.26626338e+00, 2.26614419e+00])
