array([   0.        ,  252.63157895,  589.47368421,  842.10526316,
       1094.73684211, 1347.36842105, 1600.        , 1515.78947368,
          0.        , 1178.94736842, 1431.57894737, 1600.        ,
       1263.15789474,  842.10526316, 1515.78947368, 1178.94736842,
       1347.36842105, 1600.        , 1600.        , 1347.36842105])
array([   0.        ,  252.63157895,  505.26315789, 1094.73684211,
       1347.36842105, 1600.        ,  757.89473684, 1600.        ,
       1347.36842105,   84.21052632, 1347.36842105, 1600.        ,
       1600.        , 1347.36842105, 1600.        , 1600.        ,
       1347.36842105, 1347.36842105, 1600.        ,  336.84210526])
array([   0.        ,  252.63157895,  589.47368421,  842.10526316,
       1094.73684211, 1347.36842105, 1600.        , 1600.        ,
       1347.36842105,    0.        , 1515.78947368, 1263.15789474,
       1263.15789474, 1515.78947368, 1600.        , 1347.36842105,
       1347.36842105, 1600.        , 1600.        , 1347.36842105])
array([   0.        ,  252.63157895,  505.26315789, 1094.73684211,
       1347.36842105, 1600.        ,  757.89473684, 1600.        ,
       1347.36842105,   84.21052632, 1347.36842105, 1515.78947368,
       1178.94736842, 1515.78947368, 1178.94736842, 1347.36842105,
       1600.        , 1600.        , 1347.36842105])
array([   0.        ,  252.63157895,  589.47368421,  842.10526316,
       1094.73684211, 1347.36842105, 1600.        , 1600.        ,
       1347.36842105,    0.        , 1347.36842105, 1600.        ,
        926.31578947, 1347.36842105, 1600.        , 1600.        ,
       1347.36842105, 1347.36842105, 1600.        , 1600.        ,
       1347.36842105])
