array([   0.        ,    0.        ,    0.        ,    0.        ,
        168.42105263,  252.63157895,  252.63157895,  421.05263158,
        421.05263158,  505.26315789,  589.47368421,  757.89473684,
        842.10526316,  926.31578947, 1010.52631579, 1094.73684211,
       1178.94736842, 1178.94736842, 1263.15789474, 1431.57894737,
       1515.78947368, 1515.78947368, 1600.        , 1600.        ])
array([   0.        ,    0.        ,    0.        ,    0.        ,
        168.42105263,  252.63157895,  252.63157895,  421.05263158,
        505.26315789,  505.26315789,  673.68421053,  757.89473684,
        842.10526316,  926.31578947, 1010.52631579, 1094.73684211,
       1178.94736842, 1347.36842105, 1347.36842105, 1431.57894737,
       1600.        , 1600.        , 1600.        , 1600.        ])
