array([   0.        ,    0.        ,  168.42105263,  252.63157895,
        421.05263158,  589.47368421,  842.10526316,  842.10526316,
       1094.73684211, 1178.94736842, 1347.36842105, 1600.        ,
       1600.        ])
array([   0.        ,    0.        ,    0.        ,  252.63157895,
        421.05263158,  505.26315789,  757.89473684,  757.89473684,
       1010.52631579, 1094.73684211, 1347.36842105, 1347.36842105,
       1515.78947368, 1600.        , 1600.        ])
array([   0.        ,    0.        ,    0.        ,  421.05263158,
        421.05263158,  757.89473684,  842.10526316, 1094.73684211,
       1094.73684211, 1347.36842105, 1347.36842105, 1600.        ,
       1600.        ])
array([   0.        ,    0.        ,  168.42105263,  168.42105263,
        421.05263158,  589.47368421,  757.89473684, 1094.73684211,
       1094.73684211, 1263.15789474, 1347.36842105, 1515.78947368,
       1515.78947368, 1600.        ])
array([   0.        ,    0.        ,  168.42105263,  421.05263158,
        421.05263158,  757.89473684,  842.10526316, 1010.52631579,
       1094.73684211, 1263.15789474, 1347.36842105, 1515.78947368,
       1515.78947368])
