array([1.00000000e+15, 2.41329418e+00, 2.36847174e+00, 2.33293909e+00,
       2.30171985e+00, 2.27317298e+00, 2.24659482e+00, 2.22163333e+00,
       2.20393238e+00, 2.19855967e+00, 2.18995612e+00, 2.16639036e+00,
       2.14882174e+00, 2.12825607e+00, 2.11951691e+00, 2.10503332e+00,
       2.08820180e+00, 2.07244804e+00, 2.06150369e+00, 2.06122468e+00,
       2.06121886e+00, 2.06072276e+00, 2.05854660e+00])
array([1.00000000e+15, 2.41329418e+00, 2.36847174e+00, 2.33293909e+00,
       2.30171985e+00, 2.27317298e+00, 2.24659482e+00, 2.22163333e+00,
       2.19746292e+00, 2.18157235e+00, 2.16517483e+00, 2.14438492e+00,
       2.13033314e+00, 2.11576560e+00, 2.10638181e+00, 2.08897897e+00,
       2.07325949e+00, 2.06178698e+00, 2.04830031e+00, 2.04802486e+00,
       2.04615931e+00, 2.04615358e+00, 2.04615346e+00, 2.04409079e+00,
       2.04301406e+00])
array([1.00000000e+15, 2.41329418e+00, 2.36847174e+00, 2.33293909e+00,
       2.30171985e+00, 2.27317298e+00, 2.24659482e+00, 2.22163333e+00,
       2.19746292e+00, 2.18157235e+00, 2.16098527e+00, 2.14529905e+00,
       2.12572832e+00, 2.10702745e+00, 2.09013518e+00, 2.07763752e+00,
       2.06263107e+00, 2.04848962e+00, 2.03889665e+00, 2.03862372e+00,
       2.03861803e+00, 2.03746536e+00])
array([1.00000000e+15, 2.41329418e+00, 2.36847174e+00, 2.33293909e+00,
       2.30171985e+00, 2.27317298e+00, 2.24659482e+00, 2.22163653e+00,
       2.20804685e+00, 2.19072399e+00, 2.19047246e+00, 2.16686029e+00,
       2.14934096e+00, 2.12873297e+00, 2.11996835e+00, 2.11621416e+00,
       2.10216026e+00, 2.08538897e+00, 2.06956007e+00, 2.05860042e+00,
       2.05830850e+00, 2.05778944e+00, 2.05668642e+00, 2.05662842e+00,
       2.05662234e+00, 2.05662221e+00, 2.05340631e+00, 2.05105952e+00,
       2.04992467e+00])
array([1.00000000e+15, 2.41329418e+00, 2.36847174e+00, 2.33293909e+00,
       2.30171985e+00, 2.27317298e+00, 2.24659482e+00, 2.22163333e+00,
       2.19758652e+00, 2.18167355e+00, 2.17750526e+00, 2.15694792e+00,
       2.14060950e+00, 2.12109745e+00, 2.10260268e+00, 2.08960183e+00,
       2.07705218e+00, 2.06229815e+00, 2.04850588e+00, 2.03918044e+00,
       2.03891965e+00, 2.03891422e+00, 2.03776954e+00])
