array([   0.        ,  421.05263158, 1010.52631579, 1600.        ,
       1178.94736842, 1600.        ,    0.        , 1263.15789474,
        421.05263158,    0.        , 1600.        , 1431.57894737,
          0.        , 1178.94736842,  252.63157895, 1431.57894737,
          0.        ,  673.68421053, 1600.        ,  336.84210526,
          0.        , 1347.36842105, 1600.        ,  673.68421053])
array([   0.        ,  421.05263158, 1094.73684211, 1600.        ,
       1263.15789474, 1600.        ,    0.        ,  673.68421053,
          0.        , 1600.        ,  252.63157895, 1263.15789474,
          0.        , 1600.        ,  589.47368421,    0.        ,
       1600.        ,    0.        ,  842.10526316, 1431.57894737,
       1600.        , 1094.73684211,  421.05263158,    0.        ])
