array([-0.10874444, -0.25338346, -0.41004124, -0.5789883 , -0.62748903,
       -0.67830782, -0.87733804, -1.02256958, -1.15320811, -1.19436078,
       -1.42415703, -1.53898502, -1.54285796, -1.54305207, -1.66595686,
       -1.69421169, -1.69429201, -1.69530613])
array([-0.10874444, -0.25429862, -0.41096693, -0.52560332, -0.70489325,
       -0.75134127, -0.95037149, -1.09570959, -1.22634812, -1.26751591,
       -1.49731216, -1.61214015, -1.7009985 , -1.70190717, -1.70734279,
       -1.75779752, -1.75881164])
array([-0.10874444, -0.25429667, -0.27363621, -0.40275209, -0.58239436,
       -0.64092395, -0.66829098, -0.67830782, -0.87733804, -1.02256958,
       -1.15320811, -1.19436078, -1.42415703, -1.53898502, -1.54285796,
       -1.54305207, -1.54848768, -1.57138721, -1.69429201, -1.69530613])
array([-0.10874444, -0.25429862, -0.41096782, -0.5789883 , -0.75862892,
       -0.81715902, -0.87733804, -0.9539206 , -1.0723844 , -1.29549037,
       -1.3124957 , -1.34960395, -1.50073714, -1.50093125, -1.62383604])
array([-0.10874444, -0.16882785, -0.25626586, -0.42350698, -0.60314925,
       -0.77747433, -0.81608769, -1.02371846, -1.08536755, -1.16965081,
       -1.3994347 , -1.40546073])
array([-0.10874444, -0.25429862, -0.41096782, -0.5789883 , -0.75863057,
       -0.81715903, -0.87733804, -1.08286348, -1.23615769, -1.2553377 ,
       -1.3031781 , -1.53898502, -1.54285796, -1.54305207, -1.5450018 ,
       -1.54508212, -1.66798859, -1.66900271, -1.81544002, -1.83693587])
array([-0.10874444, -0.25429862, -0.41096782, -0.56452019, -0.74357871,
       -0.7495585 , -0.86347906, -0.90039475, -0.99516404, -1.2182579 ,
       -1.311326  , -1.45484858, -1.45504255, -1.50244844, -1.62524746,
       -1.64589887])
array([-0.10874444, -0.25429862, -0.41096782, -0.57895877, -0.68850417,
       -0.7019669 , -0.76222324, -0.9699462 , -1.05455218, -1.09273333,
       -1.32252958, -1.42993317, -1.43012713, -1.4700918 , -1.4959703 ,
       -1.61876205])
array([-0.10874444, -0.25429862, -0.41096782, -0.5789883 , -0.75863057,
       -0.81715903, -0.87733804, -1.07044055, -1.22384693, -1.29463646,
       -1.5235174 , -1.52739034, -1.52758445, -1.55048398, -1.67338878])
array([-0.10874444, -0.25338346, -0.41004124, -0.44654727, -0.62618955,
       -0.80047705, -0.81628215, -0.86020354, -1.07585957, -1.14485981,
       -1.23583335, -1.47164002])
