array([  0.        , 266.66666667, 533.33333333, 800.        ,
       800.        , 533.33333333, 533.33333333, 800.        ,
       800.        , 533.33333333])
array([  0.        , 355.55555556, 622.22222222, 711.11111111,
       444.44444444, 711.11111111, 355.55555556, 800.        ,
       533.33333333])
array([  0.        , 355.55555556, 622.22222222, 800.        ,
       355.55555556, 711.11111111, 355.55555556, 533.33333333,
       800.        ])
array([  0.        , 355.55555556, 622.22222222, 800.        ,
       177.77777778, 444.44444444, 622.22222222, 800.        ,
       444.44444444])
array([  0.        , 266.66666667, 800.        , 800.        ,
       533.33333333,  88.88888889, 533.33333333, 800.        ,
       800.        , 533.33333333])
array([  0.        , 355.55555556, 622.22222222, 800.        ,
       444.44444444, 800.        ,  88.88888889, 800.        ,
       444.44444444])
array([  0.        , 266.66666667, 800.        , 800.        ,
       533.33333333,  88.88888889, 533.33333333, 800.        ,
       800.        , 533.33333333])
array([  0.        , 355.55555556, 622.22222222, 711.11111111,
       444.44444444, 711.11111111, 355.55555556, 800.        ,
       533.33333333])
array([  0.        , 355.55555556, 622.22222222, 800.        ,
       444.44444444, 800.        ,  88.88888889, 800.        ,
       444.44444444])
array([  0.        , 355.55555556, 622.22222222, 355.55555556,
       711.11111111, 177.77777778, 800.        , 533.33333333])
