array([  0.        , 266.66666667, 622.22222222, 800.        ,
       533.33333333, 266.66666667,   0.        , 800.        ,
       355.55555556, 177.77777778, 800.        , 533.33333333])
array([  0.        , 355.55555556, 622.22222222, 177.77777778,
       800.        , 444.44444444, 800.        ,   0.        ,
       355.55555556, 177.77777778, 800.        , 533.33333333])
array([  0.        , 266.66666667, 622.22222222, 800.        ,
       533.33333333, 266.66666667,   0.        , 800.        ,
       355.55555556, 177.77777778, 800.        , 533.33333333])
array([  0.        , 266.66666667, 622.22222222, 533.33333333,
       266.66666667,   0.        , 800.        , 444.44444444,
       177.77777778, 800.        ,   0.        ])
array([266.66666667, 533.33333333, 800.        ,  88.88888889,
       800.        , 533.33333333, 355.55555556,   0.        ,
       622.22222222, 177.77777778, 444.44444444, 800.        ])
array([  0.        , 266.66666667, 622.22222222, 622.22222222,
       355.55555556,   0.        , 800.        ,   0.        ,
       355.55555556, 177.77777778, 800.        , 533.33333333])
array([  0.        , 266.66666667, 622.22222222, 800.        ,
       355.55555556,   0.        , 177.77777778, 444.44444444,
       800.        ,   0.        , 266.66666667, 622.22222222])
array([  0.        , 266.66666667, 622.22222222, 800.        ,
         0.        , 266.66666667, 800.        , 533.33333333,
       266.66666667,   0.        , 800.        ])
array([  0.        , 266.66666667, 622.22222222, 800.        ,
       533.33333333, 266.66666667,   0.        , 800.        ,
       355.55555556, 177.77777778, 533.33333333, 800.        ])
array([266.66666667, 533.33333333, 800.        ,   0.        ,
       800.        , 533.33333333, 177.77777778, 355.55555556,
       622.22222222, 177.77777778, 444.44444444, 800.        ])
