array([  0.        ,   0.        ,   0.        ,   0.        ,
       266.66666667, 266.66666667, 533.33333333, 533.33333333,
       800.        , 800.        ])
array([  0.        ,   0.        ,   0.        , 266.66666667,
       266.66666667, 533.33333333, 622.22222222, 800.        ,
       800.        ])
array([  0.        ,   0.        ,   0.        , 177.77777778,
       266.66666667, 444.44444444, 533.33333333, 711.11111111,
       711.11111111])
array([  0.        ,   0.        ,   0.        , 266.66666667,
       355.55555556, 355.55555556, 533.33333333, 711.11111111,
       800.        ])
array([  0.        ,   0.        ,   0.        , 266.66666667,
       266.66666667, 266.66666667, 533.33333333, 533.33333333,
       800.        , 800.        ])
array([  0.        ,   0.        ,   0.        , 177.77777778,
       266.66666667, 444.44444444, 711.11111111, 711.11111111,
       800.        ])
array([  0.        ,   0.        ,   0.        , 266.66666667,
       266.66666667, 266.66666667, 533.33333333, 533.33333333,
       800.        , 800.        ])
array([  0.        ,   0.        ,   0.        , 266.66666667,
       266.66666667, 533.33333333, 622.22222222, 800.        ,
       800.        ])
array([  0.        ,   0.        ,   0.        , 177.77777778,
       266.66666667, 444.44444444, 711.11111111, 711.11111111,
       800.        ])
array([  0.        ,   0.        ,   0.        , 266.66666667,
       355.55555556, 533.33333333, 622.22222222, 622.22222222])
