array([444.44444444, 711.11111111, 177.77777778, 800.        ,
       533.33333333,   0.        , 266.66666667,  88.88888889,
       533.33333333, 800.        , 266.66666667, 800.        ,
       533.33333333,   0.        ])
array([  0.        , 266.66666667, 622.22222222, 800.        ,
       533.33333333, 266.66666667,   0.        , 800.        ,
         0.        , 355.55555556, 622.22222222, 177.77777778,
       800.        , 444.44444444])
array([  0.        , 266.66666667, 622.22222222, 800.        ,
       533.33333333, 266.66666667,   0.        , 800.        ,
         0.        , 266.66666667, 533.33333333, 800.        ,
       533.33333333, 266.66666667,   0.        ])
array([266.66666667, 533.33333333, 800.        ,  88.88888889,
       800.        , 533.33333333, 266.66666667,   0.        ,
       444.44444444, 711.11111111, 177.77777778, 800.        ,
       533.33333333,   0.        ])
array([177.77777778, 533.33333333, 800.        ,   0.        ,
       800.        , 533.33333333, 266.66666667,  88.88888889,
       355.55555556, 622.22222222,   0.        , 800.        ,
       533.33333333, 266.66666667])
array([  0.        , 266.66666667, 622.22222222, 444.44444444,
       800.        ,   0.        , 800.        , 533.33333333,
         0.        , 266.66666667, 800.        , 444.44444444,
        88.88888889])
array([  0.        , 266.66666667, 622.22222222, 800.        ,
       266.66666667,   0.        , 800.        , 444.44444444,
         0.        , 622.22222222, 266.66666667, 800.        ,
       444.44444444,  88.88888889])
array([  0.        , 266.66666667, 622.22222222, 800.        ,
       533.33333333, 266.66666667,   0.        ,   0.        ,
       266.66666667, 533.33333333, 800.        , 800.        ,
       533.33333333, 266.66666667,   0.        ])
array([  0.        , 266.66666667, 622.22222222, 533.33333333,
       266.66666667,   0.        , 800.        ,   0.        ,
       266.66666667, 533.33333333, 800.        , 622.22222222,
       266.66666667,   0.        ])
array([  0.        , 266.66666667, 711.11111111, 533.33333333,
       800.        , 266.66666667,   0.        , 622.22222222,
         0.        , 266.66666667, 800.        , 444.44444444,
       177.77777778])
