array([1.00000000e+15, 2.41499387e+00, 2.36871865e+00, 2.33245111e+00,
       2.30014849e+00, 2.27990094e+00, 2.25867020e+00, 2.23174810e+00,
       2.20634960e+00, 2.18784813e+00])
array([1.00000000e+15, 2.41329418e+00, 2.36759284e+00, 2.33161935e+00,
       2.30047632e+00, 2.27963568e+00, 2.25169092e+00, 2.22532302e+00,
       2.20123012e+00, 2.20078582e+00, 2.20044091e+00])
array([1.00000000e+15, 2.41329418e+00, 2.36759284e+00, 2.33161935e+00,
       2.29949240e+00, 2.27773252e+00, 2.26351657e+00, 2.25857735e+00,
       2.23459011e+00, 2.23010398e+00, 2.22988190e+00, 2.22952781e+00,
       2.22786852e+00, 2.21523013e+00])
array([1.00000000e+15, 2.41329418e+00, 2.36759284e+00, 2.33161935e+00,
       2.30811636e+00, 2.29416983e+00, 2.26371372e+00, 2.23570749e+00,
       2.21464258e+00, 2.21429444e+00])
array([1.00000000e+15, 2.41499387e+00, 2.36871865e+00, 2.33161935e+00,
       2.30047632e+00, 2.27963568e+00, 2.25169092e+00, 2.22532302e+00,
       2.20652533e+00, 2.20617862e+00, 2.20617400e+00, 2.20584231e+00,
       2.20054435e+00, 2.19337404e+00, 2.18887436e+00])
array([1.00000000e+15, 2.41329418e+00, 2.36759284e+00, 2.33161935e+00,
       2.29949239e+00, 2.27773252e+00, 2.25689975e+00, 2.25594994e+00,
       2.22793037e+00, 2.22454226e+00, 2.22418987e+00, 2.22121526e+00,
       2.21678262e+00, 2.21085667e+00])
array([1.00000000e+15, 2.58308385e+00, 2.57166203e+00, 2.47999472e+00,
       2.36871865e+00, 2.33161935e+00, 2.30047632e+00, 2.27963568e+00,
       2.25169092e+00, 2.22532302e+00, 2.20652533e+00, 2.20617862e+00,
       2.20617400e+00, 2.20584231e+00, 2.20054435e+00, 2.19601523e+00,
       2.18887436e+00])
array([1.00000000e+15, 2.41329418e+00, 2.36759284e+00, 2.33161935e+00,
       2.30047632e+00, 2.27963568e+00, 2.25169092e+00, 2.22532302e+00,
       2.20123012e+00, 2.20078582e+00, 2.20044091e+00])
array([1.00000000e+15, 2.41329418e+00, 2.36759284e+00, 2.33161935e+00,
       2.29949239e+00, 2.27773252e+00, 2.25689975e+00, 2.25594994e+00,
       2.22793037e+00, 2.22454226e+00, 2.22418987e+00, 2.21974536e+00,
       2.21678262e+00, 2.21085667e+00])
array([1.00000000e+15, 2.41329418e+00, 2.36759284e+00, 2.33161935e+00,
       2.29982825e+00, 2.28362326e+00, 2.25460867e+00, 2.22841289e+00,
       2.22801933e+00, 2.22793496e+00])
