array([-0.21671731, -0.38972116, -0.60570572, -0.82242304, -1.03867962,
       -1.1276953 , -1.29039755, -1.31907441, -1.49013783, -1.70655008,
       -1.7701874 , -1.98690472, -2.20318205, -2.29051542, -2.32480725,
       -2.3517176 , -2.3712633 , -2.42694035])
array([-0.21671731, -0.43343462, -0.64984688, -0.86625533, -1.08258835,
       -1.25584198, -1.42627697, -1.57331195, -1.77679295, -1.8866011 ,
       -2.05164877, -2.22763492, -2.44435223, -2.6207392 , -2.6208039 ,
       -2.66177273])
array([-0.21671731, -0.43343462, -0.64984688, -0.86625533, -1.08297265,
       -1.25597611, -1.42640969, -1.57344465, -1.79015148, -1.8999007 ,
       -2.05249501, -2.22499688, -2.39800073, -2.54018362, -2.65956619,
       -2.65963089, -2.70059971])
array([-0.21671731, -0.40494437, -0.59827956, -0.81442823, -1.03114554,
       -1.24274788, -1.3573671 , -1.44760702, -1.61870447, -1.83511673,
       -1.92357398, -2.14029129, -2.35654788, -2.4253428 ])
array([-0.21671731, -0.43312957, -0.64953802, -0.81442823, -1.03114554,
       -1.24740122, -1.35459115, -1.49608906, -1.60343256, -1.81984353,
       -1.87561289, -2.09233021, -2.26533402, -2.43588764, -2.43800732,
       -2.45247879])
array([-0.21671731, -0.43343462, -0.64984688, -0.86625533, -1.07809916,
       -1.28984905, -1.4289536 , -1.64536586, -1.80244519, -1.91473936,
       -2.08582937, -2.30224163, -2.39041441, -2.40703112, -2.45732553,
       -2.45739019, -2.45774323, -2.49997969, -2.54091297, -2.55213614,
       -2.55427769])
array([-0.21671731, -0.43343462, -0.64984688, -0.86625533, -1.036955  ,
       -1.20789762, -1.35493894, -1.57165222, -1.76612831, -1.95435942,
       -2.12449359, -2.3412109 , -2.51834885, -2.63371908, -2.63378378,
       -2.67475261])
array([-0.21671731, -0.43343462, -0.64984688, -0.86625533, -1.08266721,
       -1.25330136, -1.40033883, -1.53638437, -1.67581208, -1.88697244,
       -2.10338084, -2.32009815, -2.53168771, -2.66998277, -2.78186168,
       -2.78192639, -2.82289521])
array([-0.21671731, -0.43343462, -0.64984688, -0.86625533, -1.08297225,
       -1.2536102 , -1.40064772, -1.53732467, -1.74598217, -1.85023432,
       -2.06695162, -2.25517869, -2.4304552 , -2.49115681, -2.52204983,
       -2.52211453, -2.56308335, -2.5929388 ])
array([-0.21671731, -0.43343462, -0.64984688, -0.8380739 , -1.0547912 ,
       -1.12821947, -1.29823679, -1.48646403, -1.62122128, -1.75228674,
       -1.96900405, -2.18149358, -2.33733717, -2.33740177, -2.37829153])
